# <1.1:180 3:2 4 6 8 10 12 14 16 18 20 22 24 26 28 30 32 34 36 38 40 42 44 46 48 50 52 54 56 58 60 62 64 66 68 70 72 74 76 78 80 82 84 86 88 90 92 94 96 98 100 102 104 106 108 110 112 114 116 118 120 122 124 126 128 130 132 134 136 138 140 142 144 146 148 150 152 154 156 158 160 162 164 166 168 170 172 174 176 178 180,6 3 5 12 9 11 18 15 17 24 21 23 30 27 29 36 33 35 42 39 41 48 45 47 54 51 53 60 57 59 66 63 65 72 69 71 78 75 77 84 81 83 90 87 89 96 93 95 102 99 101 108 105 107 114 111 113 120 117 119 126 123 125 132 129 131 138 135 137 144 141 143 150 147 149 156 153 155 162 159 161 168 165 167 174 171 173 180 177 179,7 8 19 20 14 13 24 23 17 18 21 22 31 32 43 44 38 37 48 47 41 42 45 46 50 60 59 56 55 58 67 68 79 80 74 73 84 83 77 78 81 82 91 92 95 96 90 94 103 104 115 116 110 109 120 119 113 114 117 118 127 128 139 140 134 133 144 143 137 138 141 142 151 152 163 164 158 157 168 167 161 162 165 166 170 173 174 176 179 180,105 106 107 108 103 104 52 51 50 49 54 53 165 166 167 168 163 164 76 75 74 73 78 77 138 137 136 135 134 133 81 82 83 84 79 80 55 56 57 58 59 60 86 85 90 89 88 87 117 118 119 120 115 116 92 91 96 95 94 93 156 155 154 153 152 151 127 128 129 130 131 132 146 145 150 149 148 147 169 170 171 172 173 174 176 175 180 179 178 177:3 3 3 3 3 3 3 3 3 3 3 3 3 3 3 3 3 3 3 3 3 3 3 3 3 3 3 3 3 3,3 3 3 3 3 3 3 3 3 3 3 3 3 3 3 3 3 3 3 3 3 3 3 3 3 3 3 3 3 3,10 5 5 5 5 6 5 5 4 4 7 7 3 3 4 6 6>
6/1x/1x/22/22/2x/2x/0/2/3/2/4/2/
# <1.1:92 3:2 4 6 8 10 12 14 16 18 20 22 24 26 28 30 32 34 36 38 40 42 44 46 48 50 52 54 56 58 60 62 64 66 68 70 72 74 76 78 80 82 84 86 88 90 92,6 3 5 8 10 16 13 15 22 19 21 28 25 27 30 36 33 35 38 44 41 43 50 47 49 56 53 55 62 59 61 68 65 67 74 71 73 80 77 79 86 83 85 92 89 91,26 25 28 27 8 7 13 14 19 20 21 22 29 30 37 38 33 34 36 45 46 57 58 52 51 62 61 55 56 59 60 69 70 81 82 76 75 86 85 79 80 83 84 88 91 92,49 50 45 46 47 48 9 10 74 73 72 71 70 69 77 78 79 80 75 76 53 54 55 56 51 52 37 38 67 68 63 64 65 66 90 89 88 87 92 91 81 82 83 84 85 86:3 4 4 3 3 3 4 3 4 3 3 3 3 3 3 3 3 3,4 4 4 4 3 3 3 3 3 3 3 3 3 3,4 4 4 4 4 4 4 4 4 4 6>
6/1x/1x/22/2x/2x/44/0/2/3/2/4/2/
# <1.1:96 3:2 4 6 8 10 12 14 16 18 20 22 24 26 28 30 32 34 36 38 40 42 44 46 48 50 52 54 56 58 60 62 64 66 68 70 72 74 76 78 80 82 84 86 88 90 92 94 96,6 3 5 12 9 11 18 15 17 24 21 23 30 27 29 36 33 35 38 44 41 43 46 48 54 51 53 60 57 59 66 63 65 72 69 71 78 75 77 80 86 83 85 92 89 91 94 96,7 8 19 20 14 13 24 23 17 18 21 22 27 28 47 48 83 84 81 82 37 38 46 45 43 44 55 56 67 68 62 61 72 71 65 66 69 70 91 92 89 90 79 80 95 96 93 94,35 36 31 32 33 34 72 71 70 69 68 67 81 82 83 84 85 86 25 26 27 28 29 30 80 79 64 63 62 61 66 65 47 48 91 92 87 88 89 90 74 73 78 77 76 75 96 95:3 3 3 3 3 3 3 3 3 3 3 3 3 3 3 3 3 3 3 3,3 3 3 3 4 4 4 4 3 3 3 3 4 4,4 4 4 4 4 4 4 4 4 4 4 4>
6/1x/1x/33/33/3x/3x/0/2/2/6/2/
# <1.1:180 3:2 4 6 8 10 12 14 16 18 20 22 24 26 28 30 32 34 36 38 40 42 44 46 48 50 52 54 56 58 60 62 64 66 68 70 72 74 76 78 80 82 84 86 88 90 92 94 96 98 100 102 104 106 108 110 112 114 116 118 120 122 124 126 128 130 132 134 136 138 140 142 144 146 148 150 152 154 156 158 160 162 164 166 168 170 172 174 176 178 180,6 3 5 12 9 11 18 15 17 24 21 23 30 27 29 36 33 35 42 39 41 48 45 47 54 51 53 60 57 59 66 63 65 72 69 71 78 75 77 84 81 83 90 87 89 96 93 95 102 99 101 108 105 107 114 111 113 120 117 119 126 123 125 132 129 131 138 135 137 144 141 143 150 147 149 156 153 155 162 159 161 168 165 167 174 171 173 180 177 179,7 8 19 20 14 13 24 23 17 18 21 22 26 36 35 32 31 34 43 44 55 56 50 49 60 59 53 54 57 58 67 68 79 80 74 73 84 83 77 78 81 82 91 92 103 104 98 97 108 107 101 102 105 106 110 120 119 116 115 118 127 128 139 140 134 133 144 143 137 138 141 142 151 152 163 164 158 157 168 167 161 162 165 166 170 172 174 179 180 178,123 124 125 126 121 122 25 26 27 28 29 30 113 114 109 110 111 112 76 75 74 73 78 77 89 90 85 86 87 88 155 156 151 152 153 154 170 169 174 173 172 171 61 62 63 64 65 66 82 81 80 79 84 83 108 107 106 105 104 103 132 131 130 129 128 127 120 119 118 117 116 115 146 145 150 149 148 147 163 164 165 166 167 168 179 180 175 176 177 178:3 3 3 3 3 3 3 3 3 3 3 3 3 3 3 3 3 3 3 3 3 3 3 3 3 3 3 3 3 3,3 3 3 3 3 3 3 3 3 3 3 3 3 3 3 3 3 3 3 3 3 3 3 3 3 3 3 3 3 3,12 5 5 4 4 4 4 4 4 8 6 5 5 8 4 4 4>
6/1x/22/22/22/222/2x/0/3/3/2/2/2/
# <1.1:136 3:2 4 6 8 10 12 14 16 18 20 22 24 26 28 30 32 34 36 38 40 42 44 46 48 50 52 54 56 58 60 62 64 66 68 70 72 74 76 78 80 82 84 86 88 90 92 94 96 98 100 102 104 106 108 110 112 114 116 118 120 122 124 126 128 130 132 134 136,6 3 5 12 9 11 18 15 17 24 21 23 30 27 29 36 33 35 42 39 41 48 45 47 54 51 53 60 57 59 66 63 65 68 74 71 73 80 77 79 86 83 85 92 89 91 98 95 97 104 101 103 110 107 109 116 113 115 122 119 121 128 125 127 130 136 133 135,7 8 19 20 14 13 24 23 17 18 21 22 26 28 30 37 38 49 50 44 43 54 53 47 48 51 52 67 68 66 65 62 61 129 130 75 76 87 88 82 81 92 91 85 86 89 90 99 100 111 112 106 105 116 115 109 110 113 114 123 124 127 128 122 126 133 134 136,61 62 63 64 65 66 80 79 78 77 76 75 32 31 36 35 34 33 114 113 112 111 116 115 50 49 54 53 52 51 94 93 98 97 96 95 132 131 136 135 134 133 81 82 83 84 85 86 129 130 122 121 120 119 118 117 103 104 99 100 101 102 126 125 124 123 128 127:3 3 3 3 3 3 3 3 3 3 3 4 3 3 3 3 3 3 3 3 3 3 4 3,3 3 3 3 3 3 3 3 3 4 4 3 3 3 3 3 3 3 3 3 3 3,3 3 6 6 5 5 6 8 5 5 6 4 3 3>
6/1x/22/22/222/2x/44/0/3/3/2/2/2/
# <1.1:140 3:2 4 6 8 10 12 14 16 18 20 22 24 26 28 30 32 34 36 38 40 42 44 46 48 50 52 54 56 58 60 62 64 66 68 70 72 74 76 78 80 82 84 86 88 90 92 94 96 98 100 102 104 106 108 110 112 114 116 118 120 122 124 126 128 130 132 134 136 138 140,6 3 5 12 9 11 18 15 17 24 21 23 30 27 29 36 33 35 42 39 41 48 45 47 50 56 53 55 62 59 61 68 65 67 74 71 73 80 77 79 86 83 85 92 89 91 98 95 97 104 101 103 110 107 109 116 113 115 122 119 121 128 125 127 134 131 133 136 138 140,7 8 19 20 14 13 24 23 17 18 21 22 31 32 43 44 38 37 48 47 41 42 45 46 51 52 122 121 118 117 58 68 67 64 63 66 75 76 87 88 82 81 92 91 85 86 89 90 99 100 111 112 106 105 116 115 109 110 113 114 139 140 124 126 138 137 133 134 135 136,99 100 101 102 103 104 57 58 59 60 61 62 71 72 73 74 69 70 31 32 33 34 35 36 53 54 55 56 51 52 63 64 65 66 67 68 86 85 84 83 82 81 139 140 119 120 121 122 117 118 114 113 112 111 116 115 123 124 125 126 127 128 131 132 133 134 129 130 137 138:3 3 3 3 3 3 3 3 3 3 3 3 3 3 3 3 3 3 3 3 3 3 3 3 3 3,3 3 3 3 3 3 3 3 4 4 3 3 3 3 3 3 3 3 3 3 4 4,6 5 5 5 5 3 3 6 6 6 3 3 8 3 3>
6/1x/22/322/33/33/3x/0/3/2/2/2/
# <1.1:144 3:2 4 6 8 10 12 14 16 18 20 22 24 26 28 30 32 34 36 38 40 42 44 46 48 50 52 54 56 58 60 62 64 66 68 70 72 74 76 78 80 82 84 86 88 90 92 94 96 98 100 102 104 106 108 110 112 114 116 118 120 122 124 126 128 130 132 134 136 138 140 142 144,6 3 5 12 9 11 18 15 17 24 21 23 30 27 29 36 33 35 42 39 41 48 45 47 54 51 53 60 57 59 66 63 65 72 69 71 78 75 77 84 81 83 90 87 89 96 93 95 102 99 101 108 105 107 114 111 113 120 117 119 126 123 125 132 129 131 138 135 137 144 141 143,7 8 19 20 14 13 24 23 17 18 21 22 31 32 28 33 34 36 38 48 47 44 43 46 55 56 59 60 54 58 67 68 64 69 70 72 79 80 83 84 78 82 86 88 90 97 98 109 110 104 103 114 113 107 108 111 112 121 122 118 123 124 126 128 130 132 139 140 143 144 138 142,40 39 38 37 42 41 124 123 122 121 126 125 130 129 128 127 132 131 28 27 26 25 30 29 137 138 133 134 135 136 57 58 59 60 55 56 69 70 71 72 67 68 101 102 97 98 99 100 96 95 94 93 92 91 141 142 143 144 139 140 103 104 105 106 107 108 115 116 117 118 119 120:3 3 3 3 3 3 3 3 3 3 3 3 3 3 3 3 3 3 3 3 3 3 3 3,3 3 3 3 3 3 3 3 3 3 3 3 3 3 3 3 3 3 3 3 3 3 3 3,6 6 4 6 6 6 4 6 4 4 6 4 6 4>
6/22/22/22/22/222/222/2/6/3/2/2/2/
# <1.1:168 3:2 4 6 8 10 12 14 16 18 20 22 24 26 28 30 32 34 36 38 40 42 44 46 48 50 52 54 56 58 60 62 64 66 68 70 72 74 76 78 80 82 84 86 88 90 92 94 96 98 100 102 104 106 108 110 112 114 116 118 120 122 124 126 128 130 132 134 136 138 140 142 144 146 148 150 152 154 156 158 160 162 164 166 168,6 3 5 12 9 11 18 15 17 24 21 23 30 27 29 36 33 35 42 39 41 48 45 47 54 51 53 60 57 59 66 63 65 72 69 71 78 75 77 84 81 83 90 87 89 96 93 95 102 99 101 108 105 107 114 111 113 120 117 119 126 123 125 132 129 131 138 135 137 144 141 143 150 147 149 156 153 155 162 159 161 168 165 167,7 8 19 20 14 13 24 23 17 18 21 22 31 32 28 33 34 36 43 44 55 56 50 49 60 59 53 54 57 58 67 68 79 80 74 73 84 83 77 78 81 82 86 88 90 97 98 94 99 100 102 109 110 121 122 116 115 126 125 119 120 123 124 133 134 145 146 140 139 150 149 143 144 147 148 152 154 156 163 164 167 168 162 166,116 115 120 119 118 117 86 85 90 89 88 87 55 56 57 58 59 60 31 32 33 34 35 36 61 62 63 64 65 66 167 168 163 164 165 166 72 71 70 69 68 67 109 110 111 112 113 114 127 128 129 130 131 132 156 155 154 153 152 151 148 147 146 145 150 149 103 104 105 106 107 108 135 136 137 138 133 134 159 160 161 162 157 158:3 3 3 3 3 3 3 3 3 3 3 3 3 3 3 3 3 3 3 3 3 3 3 3 3 3 3 3,3 3 3 3 3 3 3 3 3 3 3 3 3 3 3 3 3 3 3 3 3 3 3 3 3 3 3 3,6 5 5 5 5 4 8 6 6 4 4 4 10 6 3 3>
6/22/22/22/22/222/222/2/6/3/2/4/2/
# <1.1:128 3:2 4 6 8 10 12 14 16 18 20 22 24 26 28 30 32 34 36 38 40 42 44 46 48 50 52 54 56 58 60 62 64 66 68 70 72 74 76 78 80 82 84 86 88 90 92 94 96 98 100 102 104 106 108 110 112 114 116 118 120 122 124 126 128,2 6 8 65 66 14 11 13 20 17 19 58 23 50 30 27 29 36 33 35 42 39 41 48 45 47 57 56 53 55 64 61 63 72 69 71 78 75 77 84 81 83 90 87 89 96 93 95 102 99 101 108 105 107 114 111 113 116 122 119 121 128 125 127,3 4 7 8 55 56 24 23 19 20 62 61 21 22 31 32 43 44 38 37 48 47 41 42 45 46 52 51 64 63 59 60 115 116 68 70 72 74 76 78 85 86 97 98 92 91 102 101 95 96 99 100 109 110 106 111 112 114 123 124 120 125 126 128,115 116 22 21 24 23 57 58 43 44 45 46 47 48 112 111 110 109 114 113 72 71 70 69 68 67 77 78 73 74 75 76 92 91 96 95 94 93 66 65 123 124 125 126 127 128 90 89 88 87 86 85 121 122 117 118 119 120 103 104 105 106 107 108:4 4 3 3 4 3 3 3 3 3 3 3 3 3 3 3 3 3 3 4 3 3,3 3 4 3 3 3 3 3 3 3 3 3 3 3 3 3 3 3 3 3 3,7 7 5 5 6 6 3 3 4 6 6 3 3>
6/22/22/22/222/222/44/2/4/3/4/2/2/
# <1.1:180 3:2 4 6 8 10 12 14 16 18 20 22 24 26 28 30 32 34 36 38 40 42 44 46 48 50 52 54 56 58 60 62 64 66 68 70 72 74 76 78 80 82 84 86 88 90 92 94 96 98 100 102 104 106 108 110 112 114 116 118 120 122 124 126 128 130 132 134 136 138 140 142 144 146 148 150 152 154 156 158 160 162 164 166 168 170 172 174 176 178 180,6 3 5 12 9 11 18 15 17 24 21 23 30 27 29 36 33 35 42 39 41 48 45 47 54 51 53 60 57 59 66 63 65 72 69 71 78 75 77 84 81 83 90 87 89 96 93 95 102 99 101 108 105 107 114 111 113 120 117 119 126 123 125 132 129 131 138 135 137 144 141 143 150 147 149 156 153 155 162 159 161 168 165 167 174 171 173 180 177 179,7 8 19 20 14 13 24 23 17 18 21 22 31 32 43 44 38 37 48 47 41 42 45 46 55 56 67 68 62 61 72 71 65 66 69 70 79 80 91 92 86 85 96 95 89 90 93 94 103 104 115 116 110 109 120 119 113 114 117 118 127 128 124 129 130 132 135 136 138 140 143 144 151 152 163 164 158 157 168 167 161 162 165 166 171 172 174 177 178 180,159 160 161 162 157 158 107 108 103 104 105 106 140 139 144 143 142 141 86 85 90 89 88 87 135 136 137 138 133 134 59 60 55 56 57 58 166 165 164 163 168 167 124 123 122 121 126 125 129 130 131 132 127 128 109 110 111 112 113 114 92 91 96 95 94 93 171 172 173 174 169 170 115 116 117 118 119 120 153 154 155 156 151 152 175 176 177 178 179 180:3 3 3 3 3 3 3 3 3 3 3 3 3 3 3 3 3 3 3 3 3 3 3 3 3 3 3 3 3 3,3 3 3 3 3 3 3 3 3 3 3 3 3 3 3 3 3 3 3 3 3 3 3 3 3 3 3 3 3 3,7 7 6 6 6 6 6 5 5 4 3 3 7 7 6 3 3>
6/22/22/2x/2x/2x/2x/0/4/2/4/4/
# <1.1:120 3:2 4 6 8 10 12 14 16 18 20 22 24 26 28 30 32 34 36 38 40 42 44 46 48 50 52 54 56 58 60 62 64 66 68 70 72 74 76 78 80 82 84 86 88 90 92 94 96 98 100 102 104 106 108 110 112 114 116 118 120,6 3 5 8 14 11 13 20 17 19 26 23 25 32 29 31 38 35 37 44 41 43 50 47 49 56 53 55 62 59 61 68 65 67 74 71 73 80 77 79 86 83 85 88 94 91 93 96 102 99 101 104 106 112 109 111 118 115 117 120,7 8 11 12 9 10 105 106 21 22 33 34 28 27 38 37 31 32 35 36 45 46 42 47 48 50 57 58 69 70 64 63 74 73 67 68 71 72 84 83 120 119 82 81 88 87 95 96 92 94 98 103 104 102 108 118 117 114 113 116,23 24 25 26 21 22 87 88 39 40 41 42 43 44 45 46 47 48 49 50 93 94 89 90 91 92 57 58 59 60 61 62 111 112 107 108 109 110 81 82 83 84 85 86 98 97 102 101 100 99 116 115 114 113 118 117 103 104 120 119:3 3 3 3 3 3 3 3 3 3 3 3 3 3 3 3 3 3 3 3 3 3 3 3,4 4 3 3 3 3 3 3 3 3 3 3 4 4 4 4 3 3,4 4 6 3 3 6 6 4 4 4 4 3 3 6>
6/22/22/322/322/33/33/2/4/2/6/2/
# <1.1:52 3:1 2 3 5 6 8 9 10 11 12 14 15 17 19 21 23 25 27 29 31 33 34 35 36 37 39 40 41 43 44 45 46 47 48 49 50 51 52,2 4 50 7 9 11 14 49 17 48 23 20 22 29 26 28 31 33 35 37 51 40 42 52 45 47,6 3 7 8 10 50 40 21 20 51 22 23 38 39 31 30 28 29 43 42 36 46 47 45 52 49,36 37 48 16 17 12 14 13 49 47 46 50 25 24 29 28 27 26 33 32 44 45 42 43 52 51:4 4 4 4 4 4 3 3 3 3 4 4 4 4 4 4,3 3 3 3 3 4 4 3,4 4 4 4 4 3 3>
7/*22/*22/*222/1*/3*2/33/3x/0/7/2/6/2/
# <1.1:72 3:1 2 4 5 6 8 10 12 14 16 17 18 20 22 24 26 28 29 30 32 33 34 36 37 38 39 40 42 43 45 46 47 48 50 51 52 53 54 55 56 57 58 60 61 62 63 64 65 66 68 69 70 71 72,2 57 5 7 62 14 11 13 58 17 19 33 26 23 25 55 29 31 37 35 56 39 41 54 44 53 47 49 64 52 61 63 66 72 69 71,57 5 4 17 13 14 60 59 15 16 29 25 26 35 36 27 28 66 50 49 34 39 48 47 44 45 46 54 53 56 61 63 65 68 71 72,39 38 15 16 17 48 49 50 23 24 25 26 21 22 72 67 68 41 42 54 34 35 36 69 56 55 63 60 59 51 52 61 58 64 70 71:4 4 4 3 4 4 3 4 4 4 4 4 4 4 4 4 4 4 4 4,3 3 3 3 3 3 3 3 3 3 3 3,6 3 6 6 3 3 6 3>
7/*22/*22/1*/1x/2*2/2*2/22/0/6/3/2/2/2/
# <1.1:48 3:1 2 3 5 6 8 9 10 11 12 13 14 15 17 18 19 21 22 24 25 26 27 28 29 31 33 35 36 38 39 40 41 43 45 47 48,2 4 15 7 11 10 41 14 39 18 20 40 23 25 27 29 35 32 34 37 48 47 44 46,29 13 10 7 8 9 12 28 41 33 32 19 31 30 27 24 26 37 38 39 48 43 46 47,26 27 39 16 17 48 38 37 29 28 36 14 41 18 22 23 24 40 42 43 44 45 46 47:4 4 4 6 6 6 4 4 4 4 6 3 4 3,3 3 3 3 3 3 3 3,4 4 4 4 4 4>
7/*22/*33/*332/1*/2*2/22/2x/0/7/2/4/2/
# <1.1:72 3:2 3 4 5 6 7 9 10 11 12 14 16 18 19 21 22 24 25 27 28 30 31 32 34 35 37 38 40 42 44 45 46 47 48 50 51 52 53 54 55 56 58 60 62 64 66 68 70 71 72,6 3 5 8 10 12 18 15 17 20 53 23 52 26 47 29 48 32 71 35 55 38 44 41 43 46 54 51 57 72 64 61 63 70 67 69,9 8 5 7 12 11 49 50 24 23 20 21 22 32 29 30 31 44 43 38 41 42 58 57 48 47 52 54 56 65 66 69 70 64 68 72,36 37 38 31 32 55 10 9 45 46 65 66 67 68 69 70 71 33 34 25 26 27 48 30 53 60 59 64 63 62 61 52 58 57 56 72:4 4 4 4 3 4 4 4 4 4 4 4 3 4 4 4 3 3,3 3 3 3 3 3 3 3 3 3 3 3,5 6 4 4 6 5 3 3>
7/*22/1*/1*/1x/2*/2*/22/0/4/4/2/2/2/2/
# <1.1:96 3:2 4 6 8 9 11 12 14 16 18 19 21 22 24 25 26 28 29 31 32 34 36 38 40 41 42 44 46 48 50 52 54 56 58 60 62 64 66 68 69 70 72 73 74 76 78 80 82 83 84 85 87 88 89 90 91 93 94 95 96,6 3 5 25 9 41 12 18 15 17 20 94 23 95 28 42 30 83 33 70 40 37 39 48 45 47 54 51 53 60 57 59 66 63 65 69 84 85 73 76 90 82 79 81 88 89 93 96,28 27 10 11 8 7 12 93 92 24 23 20 21 22 26 32 35 36 40 39 68 67 42 49 50 53 54 48 52 61 62 65 66 60 64 70 82 81 74 79 80 86 87 84 88 90 94 96,43 44 45 46 47 48 8 25 31 30 29 55 56 57 58 59 60 94 21 74 76 75 91 92 93 70 34 65 66 61 62 63 64 83 96 78 77 82 81 80 79 86 87 88 72 85 89 95:3 4 4 3 4 4 4 4 4 3 3 3 3 3 4 4 4 3 4 4,3 3 3 3 3 3 3 3 3 3 3 3 3 3 3 3,6 6 6 6 3 8 3 3 4 3>
7/1*/2*/2*/2*/2*/22/22/1/4/3/4/2/2/
# <1.1:144 3:2 4 6 8 10 12 14 16 18 20 22 24 26 28 30 32 34 36 38 40 42 44 46 48 50 52 54 56 58 60 62 64 66 68 70 72 74 76 78 80 82 84 86 88 90 92 94 96 98 100 102 104 106 108 110 112 114 116 118 120 122 124 126 128 130 132 134 136 138 140 142 144,6 3 5 12 9 11 18 15 17 24 21 23 30 27 29 36 33 35 42 39 41 48 45 47 54 51 53 60 57 59 66 63 65 72 69 71 78 75 77 84 81 83 90 87 89 96 93 95 102 99 101 108 105 107 114 111 113 120 117 119 126 123 125 132 129 131 138 135 137 144 141 143,7 8 11 12 6 10 19 20 31 32 26 25 36 35 29 30 33 34 43 44 55 56 50 49 60 59 53 54 57 58 62 64 66 73 74 70 75 76 78 85 86 97 98 92 91 102 101 95 96 99 100 109 110 121 122 116 115 126 125 119 120 123 124 128 130 132 139 140 136 141 142 144,119 120 115 116 117 118 32 31 36 35 34 33 73 74 75 76 77 78 58 57 56 55 60 59 44 43 48 47 46 45 63 64 65 66 61 62 143 144 139 140 141 142 91 92 93 94 95 96 135 136 137 138 133 134 112 111 110 109 114 113 108 107 106 105 104 103 130 129 128 127 132 131:3 3 3 3 3 3 3 3 3 3 3 3 3 3 3 3 3 3 3 3 3 3 3 3,3 3 3 3 3 3 3 3 3 3 3 3 3 3 3 3 3 3 3 3 3 3 3 3,5 5 6 6 4 6 5 5 6 4 4 6 6 4>
7/1x/1x/22/22/22/222/222/0/6/3/2/2/2/
# <1.1:144 3:2 4 6 8 10 12 14 16 18 20 22 24 26 28 30 32 34 36 38 40 42 44 46 48 50 52 54 56 58 60 62 64 66 68 70 72 74 76 78 80 82 84 86 88 90 92 94 96 98 100 102 104 106 108 110 112 114 116 118 120 122 124 126 128 130 132 134 136 138 140 142 144,6 3 5 12 9 11 18 15 17 24 21 23 30 27 29 36 33 35 42 39 41 48 45 47 54 51 53 60 57 59 66 63 65 72 69 71 78 75 77 84 81 83 90 87 89 96 93 95 102 99 101 108 105 107 114 111 113 120 117 119 126 123 125 132 129 131 138 135 137 144 141 143,7 8 19 20 14 13 24 23 17 18 21 22 31 32 43 44 38 37 48 47 41 42 45 46 55 56 67 68 62 61 72 71 65 66 69 70 74 77 78 85 86 97 98 92 91 102 101 95 96 99 100 109 110 113 114 108 112 117 118 120 127 128 124 129 130 132 135 136 138 141 142 144,55 56 57 58 59 60 109 110 111 112 113 114 31 32 33 34 35 36 130 129 128 127 132 131 97 98 99 100 101 102 76 75 74 73 78 77 135 136 137 138 133 134 117 118 119 120 115 116 80 79 84 83 82 81 143 144 139 140 141 142 103 104 105 106 107 108 125 126 121 122 123 124:3 3 3 3 3 3 3 3 3 3 3 3 3 3 3 3 3 3 3 3 3 3 3 3,3 3 3 3 3 3 3 3 3 3 3 3 3 3 3 3 3 3 3 3 3 3 3 3,6 6 6 6 4 4 4 6 6 6 6 4 4 4>
7/22/22/22/2x/2x/2x/2x/0/4/3/4/2/2/
# <1.1:48 3:1 2 4 5 6 8 9 10 12 13 14 15 17 18 20 21 22 24 25 26 27 29 30 32 33 34 35 36 37 38 39 40 41 42 43 44 45 46 47 48,2 5 43 7 38 10 13 48 15 18 37 21 42 23 39 26 29 34 32 33 36 41 45 47,5 21 19 20 9 11 12 13 18 22 23 24 27 30 31 32 36 35 40 47 41 44 45 48,45 44 7 8 6 47 46 23 24 22 40 41 29 28 27 32 31 30 35 36 42 37 43 48:4 4 4 4 4 4 4 4 4 4 4 4 4 4 4 4,3 3 3 3 3 3 3 3,4 4 4 4 4 4>
8/*22/*22/*22/*22/1*/1*/1*/1*/1/8/5/2/2/2/2/0/
# <1.1:84 3:2 3 4 5 7 8 9 11 12 14 15 16 17 19 21 23 25 27 29 30 31 33 35 37 39 40 42 44 46 48 50 51 52 53 55 56 58 60 62 64 66 68 69 71 73 75 77 79 81 82 83 84,83 3 5 30 8 10 56 13 15 17 23 20 22 29 26 28 32 82 39 36 38 42 52 48 45 47 69 51 54 84 62 59 61 68 65 67 75 72 74 81 78 80,2 4 83 35 34 9 39 38 17 14 16 24 25 21 26 27 29 31 36 37 53 46 45 55 54 50 49 52 82 63 64 60 65 66 68 84 76 77 80 81 75 79,49 50 51 17 16 7 30 15 14 13 56 80 81 76 77 78 79 37 36 35 34 39 38 84 55 54 52 42 66 65 64 63 68 67 82 74 75 70 71 72 73 83:4 4 4 4 4 4 3 3 4 3 4 3 4 4 3 3 3 3,3 3 3 3 3 3 3 3 3 3 3 3 3 3,4 5 5 5 4 5 5 4 5>
8/*22/1*/2*/2*/2*2/2*2/22/22/1/7/3/2/2/2/
# <1.1:72 3:1 3 4 6 7 9 10 11 12 14 16 18 19 21 22 24 26 27 28 29 30 31 32 34 35 37 39 41 42 44 45 46 48 50 52 54 56 58 59 60 62 64 66 68 70 72,2 35 6 45 9 10 12 18 15 17 20 60 23 31 30 27 29 34 59 41 38 40 43 46 52 49 51 58 55 57 66 63 65 72 69 71,4 36 37 40 41 12 9 11 33 34 24 23 20 21 22 26 29 30 32 42 43 44 46 53 54 50 55 56 58 60 62 72 71 68 67 70,59 33 34 7 8 9 45 29 28 65 66 61 62 63 64 60 21 30 25 26 31 35 56 55 54 53 58 57 46 44 69 70 71 72 67 68:4 4 4 6 3 4 4 4 6 4 3 4 3 3 3 3,3 3 3 3 3 3 3 3 3 3 3 3,5 4 4 4 5 4 5 5>
8/*33/1*/2*/2*/2*3/2*3/22/22/1/7/3/2/2/2/
# <1.1:72 3:1 3 5 7 9 10 12 14 15 17 18 20 22 24 26 27 28 29 31 33 34 35 37 38 40 42 44 45 46 48 49 50 52 53 54 56 57 58 60 62 64 66 67 68 69 70 71 72,2 45 9 6 8 11 49 28 15 71 18 24 21 23 27 72 30 35 34 70 69 38 44 41 43 48 50 53 68 55 57 59 67 66 63 65,10 5 4 11 12 47 48 24 23 18 21 22 25 26 28 34 44 43 39 40 38 41 42 46 50 63 64 54 62 61 58 66 65 68 70 72,67 60 59 21 22 23 24 19 20 49 12 14 28 37 36 69 32 33 34 35 31 71 63 64 65 66 61 62 58 68 51 52 53 57 56 72:4 3 4 4 4 3 4 4 4 4 3 4 4 4 4 3,3 3 3 3 3 3 3 3 3 3 3 3,6 4 4 4 4 4 6 4>
8/1*/1*/2*/2*/2*/2*/22/22/0/4/4/2/4/2/2/
# <1.1:72 3:1 3 5 6 7 9 11 13 15 16 18 20 22 24 26 27 28 29 31 32 34 36 37 38 40 42 44 46 47 48 50 52 54 55 56 58 59 61 63 64 65 66 68 69 70 71 72,2 69 28 6 8 47 15 12 14 17 72 24 21 23 37 27 31 48 33 55 36 39 71 46 43 45 54 51 53 57 65 60 64 63 68 70,56 44 43 10 11 7 12 13 30 31 27 23 24 40 39 25 26 29 55 36 35 38 68 67 57 58 48 53 54 52 64 62 63 66 70 72,7 8 9 18 17 16 53 54 49 50 51 52 45 46 41 42 43 44 34 33 32 72 48 31 62 63 55 56 57 58 69 66 68 67 70 71:4 4 4 3 4 3 4 4 4 4 4 3 3 4 4 4 4,3 3 3 3 3 3 3 3 3 3 3 3,5 5 5 3 4 4 4 6>
8/1*/1x/2*/22/2x/4*/4*/44/0/4/3/2/4/2/
# <1.1:84 3:2 4 6 8 10 12 13 15 16 18 20 21 23 24 25 27 28 30 32 34 35 37 38 40 41 43 44 46 48 50 52 54 56 58 60 62 64 66 68 70 72 74 76 77 78 80 82 84,6 3 5 12 9 11 14 77 18 38 20 22 24 26 28 34 31 33 36 78 40 42 44 50 47 49 56 53 55 62 59 61 68 65 67 70 76 73 75 80 82 84,9 10 7 8 82 81 80 79 16 34 33 30 29 22 23 24 28 84 83 36 37 38 42 43 44 51 52 63 64 58 57 68 67 61 62 65 66 71 72 75 76 78,67 68 63 64 65 66 51 52 53 54 55 56 21 22 23 28 26 27 82 81 77 38 58 57 62 61 60 59 41 42 43 79 80 78 73 74 75 76 71 72 83 84:3 3 4 4 3 4 4 3 4 3 4 3 3 3 3 3 3 3 3 3,4 4 3 3 3 3 3 3 3 3 3 3 4,4 4 4 4 4 4 4 6 4 4>
8/1*/1x/3*/3*/3*/33/33/3x/0/4/2/2/6/
# <1.1:96 3:2 3 4 6 8 9 11 13 15 16 18 20 22 24 26 28 30 31 33 34 35 37 38 40 42 44 46 48 50 52 53 55 56 58 59 60 62 63 65 66 68 69 70 72 74 76 77 78 79 80 82 84 86 88 90 92 93 94 95 96,77 3 6 31 9 94 15 12 14 18 35 24 21 23 30 27 29 78 34 38 93 44 41 43 50 47 49 95 53 60 56 96 59 63 70 79 66 80 69 76 73 75 86 83 85 92 89 91,44 43 4 41 42 10 11 16 37 36 17 18 25 26 29 30 24 28 34 39 40 38 57 58 54 55 52 51 56 60 73 74 66 71 72 76 75 70 78 80 87 88 91 92 86 90 94 96,2 77 16 17 18 61 62 63 23 24 19 20 21 22 43 44 39 40 41 42 35 51 52 53 37 93 88 87 92 91 90 89 65 64 79 58 96 66 68 80 94 83 84 85 86 81 82 95:4 4 4 3 4 3 3 4 4 3 3 4 4 4 4 4 4 3 3 3,3 3 3 3 3 3 3 3 3 3 3 3 3 3 3 3,6 6 3 3 6 6 6 6 3 3>
8/1*/2*/2*/2*/2*/22/22/22/1/4/4/2/2/2/2/
# <1.1:108 3:2 4 6 8 10 12 14 16 18 20 22 24 26 28 30 32 34 36 38 39 40 42 44 45 47 48 50 52 54 56 58 60 62 64 66 68 70 72 74 76 78 79 81 82 83 84 85 86 88 90 92 94 95 96 98 100 102 104 106 108,6 3 5 12 9 11 18 15 17 24 21 23 30 27 29 36 33 35 96 39 41 85 83 45 79 48 54 51 53 60 57 59 66 63 65 72 69 71 78 75 77 82 84 87 95 94 91 93 102 99 101 108 105 107,7 8 19 20 14 13 24 23 17 18 21 22 31 32 35 36 30 34 92 91 40 90 89 75 76 48 78 77 55 56 67 68 62 61 72 71 65 66 69 70 80 81 82 84 86 94 93 96 98 100 102 107 108 106,58 57 56 55 60 59 91 92 93 94 89 90 31 32 33 34 35 36 98 97 102 101 100 99 54 53 52 51 50 49 43 44 45 84 81 80 47 79 108 107 106 105 104 103 74 73 78 77 76 75 85 96 95 88:3 3 3 3 3 3 4 4 4 4 3 3 3 3 3 4 4 3 3 3,3 3 3 3 3 3 3 3 3 3 3 3 3 3 3 3 3 3,4 4 6 5 5 5 5 5 4 6 5>
8/1*/2*/2*/22/22/22/222/2x/0/5/3/2/4/2/
# <1.1:88 3:1 3 5 6 8 10 12 14 16 18 20 22 24 26 28 30 32 34 36 38 40 42 44 45 47 49 51 53 54 56 58 59 61 63 64 65 67 69 71 73 75 77 79 81 83 85 86 87 88,2 6 5 12 9 11 14 20 17 19 26 23 25 32 29 31 38 35 37 44 41 43 46 87 53 50 52 55 64 58 60 86 63 66 88 73 70 72 79 76 78 85 82 84,6 4 5 71 70 13 14 69 68 21 22 33 34 28 27 38 37 31 32 35 36 40 42 44 54 49 48 55 56 66 67 72 73 86 62 63 65 80 81 84 85 79 83 88,45 46 47 13 14 87 15 16 17 18 19 20 39 40 41 42 43 44 74 75 76 77 78 79 49 48 53 52 51 50 64 56 63 62 65 66 67 80 81 82 83 84 85 88:4 4 3 4 3 3 3 3 3 4 3 4 4 4 4 4 3 3 3,3 4 4 3 3 3 3 3 3 3 3 3 3 3,5 4 4 6 3 3 5 4 5 5>
8/1*/2*/22/22/222/4*/4*/44/1/5/3/2/4/2/
# <1.1:96 3:2 4 6 8 10 12 14 16 18 20 22 24 26 28 30 32 34 36 38 40 42 44 46 48 49 51 52 54 55 57 58 59 61 62 64 66 68 70 72 74 76 77 79 80 82 83 84 86 88 90 91 93 94 96,6 3 5 12 9 11 18 15 17 24 21 23 30 27 29 36 33 35 42 39 41 48 45 47 50 62 54 84 56 58 61 83 68 65 67 74 71 73 77 80 79 82 86 88 90 92 94 96,7 8 4 9 10 12 19 20 31 32 26 25 36 35 29 30 33 34 43 44 47 48 85 86 96 95 52 67 68 65 66 58 88 87 62 64 63 81 82 72 74 78 79 80 84 92 93 94,37 38 39 40 41 42 13 14 15 16 17 18 43 44 45 46 47 48 73 74 69 70 71 72 63 64 65 66 67 68 55 56 57 80 75 76 62 91 93 92 84 81 82 94 89 90 96 95:3 3 3 3 3 3 3 3 4 4 4 4 3 3 4 3 3 3 3 3 4 3,3 3 3 3 3 3 4 4 3 3 3 3 4 3 3,3 3 6 5 5 4 4 4 4 4 6>
8/1*/22/3*/3*/3*/322/33/33/1/5/2/2/6/
# <1.1:144 3:2 4 6 8 10 12 14 16 18 20 22 24 26 28 30 32 34 36 38 40 42 44 46 48 50 52 54 56 58 60 62 64 66 68 70 72 74 76 78 80 82 84 86 88 90 92 94 96 98 100 102 104 106 108 110 112 114 116 118 120 122 124 126 128 130 132 134 136 138 140 142 144,6 3 5 12 9 11 18 15 17 24 21 23 30 27 29 36 33 35 42 39 41 48 45 47 54 51 53 60 57 59 66 63 65 72 69 71 78 75 77 84 81 83 90 87 89 96 93 95 102 99 101 108 105 107 114 111 113 120 117 119 126 123 125 132 129 131 138 135 137 144 141 143,7 8 19 20 14 13 24 23 17 18 21 22 31 32 43 44 38 37 48 47 41 42 45 46 55 56 67 68 62 61 72 71 65 66 69 70 79 80 91 92 86 85 96 95 89 90 93 94 103 104 115 116 110 109 120 119 113 114 117 118 127 128 139 140 134 133 144 143 137 138 141 142,124 123 122 121 126 125 109 110 111 112 113 114 25 26 27 28 29 30 54 53 52 51 50 49 133 134 135 136 137 138 85 86 87 88 89 90 67 68 69 70 71 72 118 117 116 115 120 119 96 95 94 93 92 91 103 104 105 106 107 108 130 129 128 127 132 131 144 143 142 141 140 139:3 3 3 3 3 3 3 3 3 3 3 3 3 3 3 3 3 3 3 3 3 3 3 3,3 3 3 3 3 3 3 3 3 3 3 3 3 3 3 3 3 3 3 3 3 3 3 3,6 4 4 6 6 4 4 6 4 4 6 6 6 6>
8/1x/1x/1x/1x/1x/1x/1x/1x/0/0/4/2/2/2/2/
# <1.1:168 3:2 4 6 8 10 12 14 16 18 20 22 24 26 28 30 32 34 36 38 40 42 44 46 48 50 52 54 56 58 60 62 64 66 68 70 72 74 76 78 80 82 84 86 88 90 92 94 96 98 100 102 104 106 108 110 112 114 116 118 120 122 124 126 128 130 132 134 136 138 140 142 144 146 148 150 152 154 156 158 160 162 164 166 168,6 3 5 12 9 11 18 15 17 24 21 23 30 27 29 36 33 35 42 39 41 48 45 47 54 51 53 60 57 59 66 63 65 72 69 71 78 75 77 84 81 83 90 87 89 96 93 95 102 99 101 108 105 107 114 111 113 120 117 119 126 123 125 132 129 131 138 135 137 144 141 143 150 147 149 156 153 155 162 159 161 168 165 167,7 8 19 20 14 13 24 23 17 18 21 22 31 32 43 44 38 37 48 47 41 42 45 46 50 52 54 61 62 73 74 68 67 78 77 71 72 75 76 85 86 97 98 92 91 102 101 95 96 99 100 109 110 121 122 116 115 126 125 119 120 123 124 128 130 132 134 144 143 140 139 142 151 152 148 153 154 156 163 164 167 168 162 166,142 141 140 139 144 143 163 164 165 166 167 168 89 90 85 86 87 88 37 38 39 40 41 42 136 135 134 133 138 137 108 107 106 105 104 103 82 81 80 79 84 83 74 73 78 77 76 75 116 115 120 119 118 117 96 95 94 93 92 91 145 146 147 148 149 150 158 157 162 161 160 159 127 128 129 130 131 132 154 153 152 151 156 155:3 3 3 3 3 3 3 3 3 3 3 3 3 3 3 3 3 3 3 3 3 3 3 3 3 3 3 3,3 3 3 3 3 3 3 3 3 3 3 3 3 3 3 3 3 3 3 3 3 3 3 3 3 3 3 3,10 3 3 6 6 8 3 3 6 5 5 6 6 4 6 4>
8/1x/1x/22/22/22/22/222/222/0/6/4/2/2/2/2/
# <1.1:144 3:2 4 6 8 10 12 14 16 18 20 22 24 26 28 30 32 34 36 38 40 42 44 46 48 50 52 54 56 58 60 62 64 66 68 70 72 74 76 78 80 82 84 86 88 90 92 94 96 98 100 102 104 106 108 110 112 114 116 118 120 122 124 126 128 130 132 134 136 138 140 142 144,6 3 5 12 9 11 18 15 17 24 21 23 30 27 29 36 33 35 42 39 41 48 45 47 54 51 53 60 57 59 66 63 65 72 69 71 78 75 77 84 81 83 90 87 89 96 93 95 102 99 101 108 105 107 114 111 113 120 117 119 126 123 125 132 129 131 138 135 137 144 141 143,7 8 19 20 14 13 24 23 17 18 21 22 26 36 35 32 31 34 43 44 55 56 50 49 60 59 53 54 57 58 67 68 79 80 74 73 84 83 77 78 81 82 91 92 103 104 98 97 108 107 101 102 105 106 110 120 119 116 115 118 123 124 126 128 130 132 134 136 138 141 142 144,117 118 119 120 115 116 68 67 72 71 70 69 59 60 55 56 57 58 36 35 34 33 32 31 101 102 97 98 99 100 132 131 130 129 128 127 126 125 124 123 122 121 96 95 94 93 92 91 138 137 136 135 134 133 143 144 139 140 141 142 103 104 105 106 107 108 113 114 109 110 111 112:3 3 3 3 3 3 3 3 3 3 3 3 3 3 3 3 3 3 3 3 3 3 3 3,3 3 3 3 3 3 3 3 3 3 3 3 3 3 3 3 3 3 3 3 3 3 3 3,6 4 4 6 6 6 6 4 4 6 6 4 6 4>
8/22/22/22/22/222/222/2x/2x/0/6/3/2/2/2/
# <1.1:144 3:2 4 6 8 10 12 14 16 18 20 22 24 26 28 30 32 34 36 38 40 42 44 46 48 50 52 54 56 58 60 62 64 66 68 70 72 74 76 78 80 82 84 86 88 90 92 94 96 98 100 102 104 106 108 110 112 114 116 118 120 122 124 126 128 130 132 134 136 138 140 142 144,6 3 5 12 9 11 18 15 17 24 21 23 30 27 29 36 33 35 42 39 41 48 45 47 54 51 53 60 57 59 66 63 65 72 69 71 78 75 77 84 81 83 90 87 89 96 93 95 102 99 101 108 105 107 114 111 113 120 117 119 126 123 125 132 129 131 138 135 137 144 141 143,2 5 6 13 14 25 26 20 19 30 29 23 24 27 28 37 38 41 42 36 40 49 50 61 62 56 55 66 65 59 60 63 64 68 70 72 74 84 83 80 79 82 91 92 103 104 98 97 108 107 101 102 105 106 115 116 127 128 122 121 132 131 125 126 129 130 137 138 136 140 142 144,27 28 29 30 25 26 39 40 41 42 37 38 60 59 58 57 56 55 125 126 121 122 123 124 61 62 63 64 65 66 88 87 86 85 90 89 68 67 72 71 70 69 93 94 95 96 91 92 120 119 118 117 116 115 129 130 131 132 127 128 144 143 142 141 140 139 134 133 138 137 136 135:3 3 3 3 3 3 3 3 3 3 3 3 3 3 3 3 3 3 3 3 3 3 3 3,3 3 3 3 3 3 3 3 3 3 3 3 3 3 3 3 3 3 3 3 3 3 3 3,6 5 5 6 6 6 4 4 4 6 4 5 5 6>
8/22/22/22/22/222/222/2x/2x/0/6/3/4/2/2/
# <1.1:204 3:2 4 6 8 10 12 14 16 18 20 22 24 26 28 30 32 34 36 38 40 42 44 46 48 50 52 54 56 58 60 62 64 66 68 70 72 74 76 78 80 82 84 86 88 90 92 94 96 98 100 102 104 106 108 110 112 114 116 118 120 122 124 126 128 130 132 134 136 138 140 142 144 146 148 150 152 154 156 158 160 162 164 166 168 170 172 174 176 178 180 182 184 186 188 190 192 194 196 198 200 202 204,6 3 5 12 9 11 18 15 17 24 21 23 30 27 29 36 33 35 42 39 41 48 45 47 54 51 53 60 57 59 66 63 65 72 69 71 78 75 77 84 81 83 90 87 89 96 93 95 102 99 101 108 105 107 114 111 113 120 117 119 126 123 125 132 129 131 138 135 137 144 141 143 150 147 149 156 153 155 162 159 161 168 165 167 174 171 173 180 177 179 186 183 185 192 189 191 198 195 197 204 201 203,7 8 19 20 14 13 24 23 17 18 21 22 31 32 43 44 38 37 48 47 41 42 45 46 55 56 52 57 58 60 67 68 79 80 74 73 84 83 77 78 81 82 91 92 103 104 98 97 108 107 101 102 105 106 115 116 127 128 122 121 132 131 125 126 129 130 139 140 136 141 142 144 151 152 155 156 150 154 163 164 175 176 170 169 180 179 173 174 177 178 185 186 184 188 190 192 194 197 198 200 202 204,195 196 197 198 193 194 180 179 178 177 176 175 31 32 33 34 35 36 139 140 141 142 143 144 51 52 53 54 49 50 85 86 87 88 89 90 65 66 61 62 63 64 76 75 74 73 78 77 182 181 186 185 184 183 119 120 115 116 117 118 149 150 145 146 147 148 159 160 161 162 157 158 131 132 127 128 129 130 201 202 203 204 199 200 136 135 134 133 138 137 165 166 167 168 163 164 187 188 189 190 191 192:3 3 3 3 3 3 3 3 3 3 3 3 3 3 3 3 3 3 3 3 3 3 3 3 3 3 3 3 3 3 3 3 3 3,3 3 3 3 3 3 3 3 3 3 3 3 3 3 3 3 3 3 3 3 3 3 3 3 3 3 3 3 3 3 3 3 3 3,8 8 6 6 4 4 5 5 3 3 12 6 6 4 3 3 8 4 4>
8/22/22/22/22/222/222/2x/2x/0/8/3/4/2/2/
# <1.1:128 3:2 4 6 8 10 12 14 16 18 20 22 24 26 28 30 32 34 36 38 40 42 44 46 48 50 52 54 56 58 60 62 64 66 68 70 72 74 76 78 80 82 84 86 88 90 92 94 96 98 100 102 104 106 108 110 112 114 116 118 120 122 124 126 128,6 3 5 12 9 11 18 15 17 24 21 23 30 27 29 36 33 35 42 39 41 48 45 47 54 51 53 60 57 59 62 68 65 67 74 71 73 80 77 79 86 83 85 88 94 91 93 100 97 99 106 103 105 108 114 111 113 120 117 119 122 128 125 127,7 8 19 20 14 13 24 23 17 18 21 22 61 62 108 107 30 32 35 36 43 44 55 56 50 49 60 59 53 54 57 58 69 70 81 82 76 75 86 85 79 80 83 84 89 90 106 105 102 101 96 98 100 122 121 115 116 119 120 114 118 127 128 126,118 117 116 115 120 119 99 100 95 96 97 98 66 65 64 63 68 67 28 27 26 25 30 29 47 48 43 44 45 46 86 85 84 83 82 81 112 111 110 109 114 113 106 105 104 103 102 101 88 87 90 89 94 93 92 91 126 125 124 123 128 127 121 122:3 3 3 3 3 3 3 3 3 3 3 3 3 3 3 3 3 3 3 3 3 3 3 3,3 3 3 3 5 3 3 3 3 3 3 3 3 3 4 4 3 3 3 3,4 5 5 4 4 4 6 4 4 4 5 5 5 5>
8/22/22/22/222/2x/2x/33/332/0/7/1/4/
# <1.1:120 3:2 4 6 8 10 12 14 16 18 20 22 24 26 28 30 32 34 36 38 40 42 44 46 48 50 52 54 56 58 60 62 64 66 68 70 72 74 76 78 80 82 84 86 88 90 92 94 96 98 100 102 104 106 108 110 112 114 116 118 120,6 3 5 12 9 11 18 15 17 24 21 23 30 27 29 36 33 35 40 39 46 43 45 52 49 51 58 55 57 64 61 63 70 67 69 76 73 75 82 79 81 88 85 87 94 91 93 100 97 99 106 103 105 110 109 112 114 120 117 119,2 12 11 8 7 10 19 20 31 32 26 25 36 35 29 30 33 34 106 105 45 46 103 104 44 53 54 65 66 60 59 70 69 63 64 67 68 72 75 76 83 84 95 96 90 89 100 99 93 94 97 98 102 111 112 110 117 118 119 120,62 61 60 59 64 63 25 26 27 28 29 30 74 73 72 71 76 75 50 49 48 47 52 51 102 101 106 105 104 103 109 110 107 108 97 98 99 100 95 96 92 91 90 89 94 93 88 87 86 85 84 83 115 116 117 118 119 120 113 114:3 3 3 3 3 3 4 3 3 3 3 3 3 3 3 3 3 3 4 3 3 3,3 3 3 3 3 3 4 4 3 3 3 3 3 3 3 3 3 3 4,6 3 3 7 7 6 4 4 4 4 4 4 4>
8/22/22/22/222/2x/322/33/3x/0/8/2/2/2/
# <1.1:128 3:2 4 6 8 10 12 14 16 18 20 22 24 26 28 30 32 34 36 38 40 42 44 46 48 50 52 54 56 58 60 62 64 66 68 70 72 74 76 78 80 82 84 86 88 90 92 94 96 98 100 102 104 106 108 110 112 114 116 118 120 122 124 126 128,6 3 5 12 9 11 18 15 17 24 21 23 30 27 29 36 33 35 42 39 41 48 45 47 54 51 53 60 57 59 66 63 65 72 69 71 78 75 77 84 81 83 90 87 89 96 93 95 102 99 101 108 105 107 110 112 118 115 117 120 122 128 125 127,109 110 5 6 13 14 25 26 20 19 30 29 23 24 27 28 37 38 49 50 44 43 54 53 47 48 51 52 119 120 58 121 122 67 68 79 80 74 73 84 83 77 78 81 82 91 92 95 96 90 94 103 104 107 108 102 106 113 114 117 118 124 126 128,25 26 27 28 29 30 72 71 70 69 68 67 90 89 88 87 86 85 41 42 37 38 39 40 95 96 91 92 93 94 101 102 97 98 99 100 117 118 113 114 115 116 79 80 81 82 83 84 107 108 103 104 105 106 127 128 123 124 125 126 121 122 119 120:3 3 3 3 3 3 3 3 3 3 3 3 3 3 3 3 3 3 3 3 3 3 3 3,4 3 3 3 3 3 3 3 3 5 3 3 3 3 3 3 3 3 4 3,4 4 5 5 6 4 4 5 5 4 5 5 4 4>
8/22/22/222/33/33/332/3x/3x/0/7/2/2/6/
# <1.1:96 3:2 4 6 8 10 12 14 16 18 20 22 24 26 28 30 32 34 36 38 40 42 44 46 48 50 52 54 56 58 60 62 64 66 68 70 72 74 76 78 80 82 84 86 88 90 92 94 96,6 3 5 12 9 11 18 15 17 24 21 23 30 27 29 32 38 35 37 44 41 43 46 52 49 51 54 60 57 59 62 68 65 67 74 71 73 80 77 79 86 83 85 92 89 91 94 96,2 5 6 13 14 25 26 20 19 30 29 23 24 27 28 33 34 36 94 93 96 95 42 46 45 56 55 58 57 54 53 62 61 69 70 81 82 76 75 86 85 79 80 83 84 91 92 90,14 13 18 17 16 15 42 41 40 39 44 43 51 52 47 48 49 50 81 82 83 84 85 86 95 96 65 66 67 68 63 64 53 54 74 73 72 71 70 69 94 93 90 89 88 87 92 91:3 3 3 3 3 3 3 3 3 3 3 3 3 3 3 3 3 3 3 3,3 3 3 3 3 5 5 4 4 3 3 3 3 3,4 5 5 4 4 3 3 5 5 4 3 3>
8/22/22/2x/2x/33/33/332/332/0/8/1/2/
# <1.1:100 3:2 4 6 8 10 12 14 16 18 20 22 24 26 28 30 32 34 36 38 40 42 44 46 48 50 52 54 56 58 60 62 64 66 68 70 72 74 76 78 80 82 84 86 88 90 92 94 96 98 100,6 3 5 12 9 11 18 15 17 24 21 23 30 27 29 36 33 35 40 39 46 43 45 52 49 51 58 55 57 64 61 63 70 67 69 76 73 75 78 80 86 83 85 92 89 91 96 95 98 100,45 46 9 10 6 39 40 44 43 19 20 31 32 26 25 36 35 29 30 33 34 41 42 53 54 65 66 60 59 70 69 63 64 67 68 73 74 78 77 81 82 99 100 86 88 91 92 94 98 97,58 57 56 55 54 53 19 20 21 22 23 24 83 84 85 86 81 82 75 76 71 72 73 74 68 67 66 65 70 69 94 93 96 95 47 48 49 50 51 52 90 89 88 87 92 91 79 80 99 100:3 3 3 3 3 3 4 3 3 3 3 3 3 3 3 3 3 4 3 3,4 4 3 3 3 3 3 3 3 3 3 4 5 3 3,4 4 3 3 6 4 4 5 5 6 3 3>
8/22/22/2x/322/33/33/332/3x/0/7/2/2/2/
# <1.1:92 3:2 4 6 8 10 12 14 16 18 20 22 24 26 28 30 32 34 36 38 40 42 44 46 48 50 52 54 56 58 60 62 64 66 68 70 72 74 76 78 80 82 84 86 88 90 92,2 8 5 7 10 16 13 15 18 24 21 23 30 27 29 36 33 35 42 39 41 48 45 47 54 51 53 60 57 59 66 63 65 72 69 71 78 75 77 80 86 83 85 92 89 91,90 89 80 79 10 9 8 18 17 15 16 25 26 37 38 32 31 42 41 35 36 39 40 44 54 53 50 49 52 61 62 73 74 68 67 78 77 71 72 75 76 83 84 86 88 92,80 79 40 39 38 37 42 41 18 17 21 22 23 24 19 20 49 50 51 52 53 54 72 71 70 69 68 67 64 63 62 61 66 65 83 84 85 86 81 82 92 91 90 89 88 87:4 3 3 3 3 3 3 3 3 3 3 3 3 3 3 4 3 3,4 5 4 3 3 3 3 3 3 3 3 3 3 3,4 4 3 3 4 5 5 5 5 4 4>
8/22/22/2x/33/3x/422/432/44/0/8/2/2/2/
# <1.1:96 3:2 4 6 8 10 12 14 16 18 20 22 24 26 28 30 32 34 36 38 40 42 44 46 48 50 52 54 56 58 60 62 64 66 68 70 72 74 76 78 80 82 84 86 88 90 92 94 96,6 3 5 12 9 11 18 15 17 24 21 23 30 27 29 36 33 35 42 39 41 48 45 47 54 51 53 60 57 59 66 63 65 68 74 71 73 76 78 84 81 83 86 92 89 91 94 96,2 12 11 8 7 10 19 20 31 32 26 25 36 35 29 30 33 34 43 44 55 56 50 49 60 59 53 54 57 58 65 66 95 96 91 92 75 76 93 94 74 81 82 83 84 87 88 90,20 19 24 23 22 21 43 44 45 46 47 48 73 74 69 70 71 72 82 81 80 79 84 83 51 52 53 54 49 50 61 62 63 64 65 66 91 92 87 88 89 90 95 96 85 86 93 94:3 3 3 3 3 3 3 3 3 3 3 3 3 3 3 3 3 3 3 3,3 3 3 3 3 3 3 3 3 3 4 5 5 4,4 5 5 5 5 4 4 4 3 3 3 3>
8/22/33/33/33/332/332/3x/3x/0/8/1/6/
# <1.1:84 3:2 4 6 8 10 12 14 16 18 19 21 22 24 25 27 29 30 31 32 33 35 37 39 41 42 44 45 47 48 49 50 51 53 54 55 56 57 59 60 61 62 63 65 66 67 69 70 71 73 74 75 76 77 78 79 80 81 82 83 84,6 3 5 12 9 11 18 15 17 20 57 23 79 26 61 33 30 32 39 36 38 71 42 70 45 81 48 50 52 54 56 80 60 63 66 78 69 77 82 74 76 84,7 8 11 12 6 10 59 58 24 23 20 21 22 31 28 29 63 33 44 43 40 41 68 69 77 67 47 49 81 56 53 55 60 62 65 84 71 73 75 82 83 80,15 16 17 18 13 14 34 35 36 37 38 39 54 53 52 70 43 44 81 46 47 58 59 60 83 84 80 73 72 82 79 61 75 76 57 62 63 69 68 67 74 78:3 3 3 4 4 4 4 4 3 4 4 4 4 4 4 4 4 4 4 4 4 4,3 3 3 3 3 3 3 3 3 3 3 3 3 3,3 3 8 6 4 6 5 3 4>
9/*22/*22/1*/2*2/2*2/2*2/2*2/22/22/1/10/3/2/2/2/
# <1.1:72 3:1 3 4 5 7 8 9 11 13 14 15 17 18 19 20 21 23 24 26 28 30 32 34 36 38 40 42 44 45 46 48 49 50 51 53 55 57 59 60 61 62 64 65 66 67 68 69 70 71 72,2 20 5 71 8 10 68 60 14 16 61 19 22 45 26 49 32 29 31 38 35 37 44 41 43 47 50 52 67 59 56 58 63 72 66 70,4 7 6 8 14 55 54 57 56 18 64 63 72 70 24 44 43 40 39 33 34 37 38 32 36 48 47 46 50 60 58 59 66 65 68 71,49 25 26 18 19 7 71 15 16 17 22 23 45 24 60 56 57 58 59 54 55 43 44 39 40 41 42 50 48 67 53 68 72 64 69 70:4 4 4 4 4 4 4 4 4 3 3 3 4 4 3 4 4 4,3 3 3 3 3 3 3 3 3 3 3 3,5 5 4 5 3 3 5 6>
9/*22/1*/1*/2*/2*/2*/2*/22/22/1/6/4/2/2/2/2/
# <1.1:84 3:2 4 6 8 10 12 14 16 18 20 22 24 26 28 30 32 33 34 36 38 40 42 43 44 46 48 50 52 54 56 58 59 61 62 64 65 67 68 69 70 71 72 73 75 77 78 79 80 81 82 83 84,6 3 5 12 9 11 18 15 17 24 21 23 30 27 29 43 33 35 72 42 39 41 45 71 52 49 51 58 55 57 60 68 63 69 66 70 74 84 81 78 80 83,5 6 4 13 14 25 26 20 19 30 29 23 24 27 28 37 38 34 39 40 46 45 44 48 50 52 66 67 64 63 60 61 62 68 70 72 79 77 76 80 83 84,15 16 17 18 13 14 41 42 37 38 39 40 51 52 47 48 49 50 56 55 54 53 58 57 77 76 81 72 36 78 68 61 60 71 73 74 75 70 67 84 83 82:3 3 3 3 3 4 4 3 4 3 3 4 4 4 4 4 4 4,3 3 3 3 3 3 3 3 3 3 3 3 3 3,5 5 4 4 4 5 5 5 5>
9/*22/1*/2*/2*/22/22/22/222/2x/0/7/3/2/4/2/
# <1.1:44 3:1 3 4 5 6 8 9 11 13 15 17 19 21 22 23 24 26 27 28 30 32 33 34 36 38 40 42 43 44,3 22 5 7 9 11 17 14 16 19 21 24 43 27 29 34 44 33 36 42 39 41,23 36 35 9 6 11 10 21 20 15 18 19 24 37 38 28 39 40 42 41 34 44,27 25 26 24 23 28 29 30 34 18 19 38 37 42 41 40 39 36 35 43 32 44:4 4 4 3 3 3 3 4 4 4 4 3 3,4 4 5 3 3 3,3 3 3 4 3 3 3>
9/*22/1*/2*/22/3*2/3*2/33/33/332/1/9/1/6/
# <1.1:96 3:2 4 6 8 10 12 14 16 18 20 22 24 26 28 30 32 34 36 38 39 40 42 44 46 48 49 50 52 54 55 56 57 58 60 62 63 65 67 69 70 71 72 74 76 78 79 81 82 84 85 86 87 88 90 92 94 95 96,6 3 5 12 9 11 18 15 17 24 21 23 30 27 29 36 33 35 49 39 41 82 48 45 47 52 72 71 55 57 59 95 70 63 69 66 68 78 75 77 80 96 88 85 87 94 91 93,7 8 19 20 14 13 24 23 17 18 21 22 26 36 35 32 31 34 43 44 40 45 46 51 52 50 54 56 71 63 68 69 66 67 81 80 79 82 74 76 78 84 87 88 91 92 94 96,76 75 74 73 78 77 26 25 30 29 28 27 94 93 92 91 90 89 67 66 65 64 69 68 44 43 48 47 46 45 60 59 58 96 81 80 95 85 83 84 61 62 63 87 86 71 88 82:3 3 3 3 3 3 4 4 3 4 4 4 4 4 3 3 4 4 4 3,3 3 3 3 3 3 3 3 3 3 3 3 3 3 3 3,4 6 4 4 4 6 6 4 6 4>
9/*22/1*/2*2/2*2/22/22/22/222/2x/0/9/3/4/2/2/
# <1.1:48 3:2 4 6 8 10 12 14 15 17 18 20 21 22 23 25 27 28 29 30 31 32 33 34 36 37 39 41 43 44 45 46 48,2 8 5 7 14 11 13 16 33 19 32 22 25 45 29 28 31 36 37 39 41 44 46 48,4 3 47 48 8 19 20 17 16 43 42 46 44 23 45 39 38 27 30 31 33 37 40 41,39 38 11 12 13 14 9 10 45 24 25 29 26 27 30 31 33 32 44 43 42 46 47 48:3 3 3 4 4 4 4 4 4 4 3 4 4 4,5 3 3 3 4 3 3,3 3 3 3 4 5 3>
9/*22/1*/2*2/22/3*2/33/4*/432/44/1/9/2/2/2/
# <1.1:108 3:2 4 6 8 10 12 14 16 18 20 22 24 26 28 30 32 34 36 38 40 42 44 46 48 50 51 52 54 56 58 60 61 62 64 66 67 68 70 71 72 74 76 78 80 82 84 86 88 90 92 94 96 97 98 100 102 104 106 107 108,6 3 5 12 9 11 18 15 17 24 21 23 30 27 29 36 33 35 42 39 41 48 45 47 71 51 53 61 60 57 59 63 72 67 108 69 97 78 75 77 84 81 83 90 87 89 96 93 95 99 107 106 103 105,7 8 19 20 14 13 24 23 17 18 21 22 31 32 43 44 38 37 48 47 41 42 45 46 55 56 52 57 58 63 64 62 106 105 68 101 102 72 79 80 76 81 82 84 91 92 88 93 94 96 98 103 104 108,102 101 106 105 104 103 88 87 86 85 90 89 83 84 79 80 81 82 43 44 45 46 47 48 57 58 59 60 55 56 95 96 91 92 93 94 76 75 74 73 78 77 50 71 61 54 67 65 66 97 70 108 107 100:3 3 3 3 3 3 3 3 4 4 3 4 4 4 3 3 3 3 4 3,3 3 3 3 3 3 3 3 3 3 3 3 3 3 3 3 3 3,5 4 4 5 6 4 4 6 5 5 6>
9/1*/1x/1x/2*/2*/2*/2*/22/22/0/4/4/2/2/2/2/
# <1.1:156 3:2 4 6 8 10 12 14 16 18 20 22 24 26 28 30 32 34 36 38 40 42 44 46 48 50 52 54 56 58 60 62 64 66 68 70 72 74 76 78 80 82 84 86 88 90 92 94 96 98 100 102 104 106 108 110 112 114 116 118 120 122 124 126 128 130 132 134 136 138 140 142 144 146 148 150 152 154 156,6 3 5 12 9 11 18 15 17 24 21 23 30 27 29 36 33 35 42 39 41 48 45 47 54 51 53 60 57 59 66 63 65 72 69 71 78 75 77 84 81 83 90 87 89 96 93 95 102 99 101 108 105 107 114 111 113 120 117 119 126 123 125 132 129 131 138 135 137 144 141 143 150 147 149 156 153 155,2 12 11 8 7 10 19 20 16 21 22 24 31 32 43 44 38 37 48 47 41 42 45 46 55 56 67 68 62 61 72 71 65 66 69 70 79 80 91 92 86 85 96 95 89 90 93 94 99 100 102 109 110 121 122 116 115 126 125 119 120 123 124 128 130 132 139 140 136 141 142 144 146 148 150 153 154 156,57 58 59 60 55 56 88 87 86 85 90 89 28 27 26 25 30 29 63 64 65 66 61 62 54 53 52 51 50 49 83 84 79 80 81 82 106 105 104 103 108 107 142 141 140 139 144 143 146 145 150 149 148 147 101 102 97 98 99 100 127 128 129 130 131 132 151 152 153 154 155 156 134 133 138 137 136 135:3 3 3 3 3 3 3 3 3 3 3 3 3 3 3 3 3 3 3 3 3 3 3 3 3 3,3 3 3 3 3 3 3 3 3 3 3 3 3 3 3 3 3 3 3 3 3 3 3 3 3 3,4 5 5 6 6 4 5 5 6 6 6 8 4 4 4>
9/22/22/22/22/22/222/222/2x/2x/0/8/3/2/4/2/
# <1.1:72 3:1 3 5 6 7 8 9 10 11 12 13 14 15 16 17 18 19 20 21 22 23 24 25 27 29 31 33 35 36 38 40 42 43 45 46 48 49 50 51 53 54 56 57 58 59 60 61 62 64 65 66 67 68 69 70 71 72,2 15 18 6 8 10 12 14 17 20 22 24 26 46 33 30 32 67 36 42 39 41 44 66 62 49 51 58 54 59 57 61 72 65 69 71,7 5 4 8 11 14 13 16 18 21 23 24 36 32 33 44 45 34 35 41 42 40 46 63 64 70 57 54 55 56 60 61 69 71 67 72,25 26 27 53 52 58 71 70 20 19 60 61 69 68 46 21 22 54 50 51 40 39 38 37 42 41 63 64 65 66 45 55 56 57 62 72:4 4 4 4 4 4 4 4 4 4 4 3 4 3 4 4 4 4 4 4 4 4 4,3 3 3 3 3 3 3 3 3 3 3 3,3 6 6 6 6 3 3 3>
10/*22/*22/*22/*222/*222/1*/1*/2*/22/2x/0/13/3/4/2/2/
# <1.1:60 3:1 2 3 5 6 8 10 12 14 15 17 18 20 22 23 24 25 26 27 28 29 30 32 33 35 36 37 38 39 40 42 44 46 47 49 50 52 53 54 55 56 58 59 60,2 5 26 8 25 14 11 13 16 54 19 24 53 23 28 30 40 33 39 36 38 46 43 45 48 60 51 55 58 59,3 6 7 8 21 22 20 19 16 17 18 24 28 27 40 33 32 35 38 39 57 58 52 51 48 49 50 54 56 60,27 28 56 57 58 24 19 20 44 43 42 41 46 45 54 17 25 22 53 59 37 38 49 48 47 52 51 50 55 60:8 4 4 3 4 4 4 8 4 4 4 4 3 4 4 4,3 3 3 3 3 3 3 3 3 3,6 5 3 3 5 5 3>
10/*22/*44/1*/1*/2*/2*/2*2/2*2/22/22/1/9/4/2/2/2/2/
# <1.1:36 3:1 3 4 5 7 8 9 11 12 13 15 16 17 19 20 21 22 23 24 26 27 28 29 30 31 32 33 34 35 36,2 33 5 8 32 10 28 13 16 34 22 21 20 35 26 36 29 31,4 6 7 8 12 14 15 16 20 19 22 24 26 28 34 32 33 36,33 3 12 13 25 26 36 28 11 18 19 21 23 34 35 32 31 30:4 6 4 4 6 4 6 4 6 4 6 6,3 3 3 3 3 3,4 3 4 3 4>
10/*33/*33/1*/1*/2*/2*/2*3/2*3/22/22/1/9/3/2/2/2/
# <1.1:108 3:2 3 4 6 7 9 10 12 14 16 18 20 22 24 26 28 30 32 34 36 38 40 42 43 44 46 47 49 51 53 55 57 59 61 63 65 67 69 71 73 75 77 79 81 83 85 87 89 91 93 95 96 98 99 101 103 105 106 107 108,3 106 5 99 8 44 11 43 18 15 17 24 21 23 30 27 29 36 33 35 42 39 41 108 47 53 50 52 59 56 58 65 62 64 71 68 70 77 74 76 83 80 82 89 86 88 95 92 94 98 107 105 102 104,103 102 4 104 105 10 13 14 18 17 46 45 25 26 37 38 32 31 42 41 35 36 39 40 108 47 54 55 66 67 61 60 71 70 64 65 68 69 78 79 75 80 81 83 85 87 89 91 93 95 99 101 100 107,2 106 10 11 12 96 98 97 31 32 33 34 35 36 57 56 55 54 59 58 80 81 82 83 78 79 85 84 89 88 87 86 99 107 46 108 90 91 92 93 94 95 102 103 104 105 100 101 75 74 73 72 77 76:4 4 4 4 3 3 3 3 3 4 3 3 3 3 3 3 3 3 4 3,3 3 3 3 3 3 3 3 3 3 3 3 3 3 3 3 3 3,5 6 5 5 4 4 5 6 6 4 4>
10/1*/1x/2*/2*/22/22/22/22/222/222/0/8/4/2/2/2/2/
# <1.1:96 3:2 3 4 6 8 10 12 14 16 18 20 22 24 26 28 30 31 33 34 36 38 40 42 44 45 46 48 50 52 54 55 57 58 60 62 64 66 67 69 70 71 73 74 75 77 78 80 81 82 83 84 85 86 87 88 90 92 94 95 96,78 3 5 96 12 9 11 18 15 17 24 21 23 30 27 29 32 71 35 86 42 39 41 45 70 47 87 54 51 53 56 82 59 83 66 63 65 68 88 74 85 76 95 81 84 94 91 93,7 8 4 9 10 77 76 19 20 23 24 18 22 72 73 36 35 32 33 34 39 40 42 63 64 46 62 61 79 80 60 59 56 57 58 68 69 70 74 78 82 84 86 88 91 92 94 96,72 73 85 96 6 19 20 21 22 23 24 49 50 51 52 53 54 39 40 41 42 37 38 81 79 80 86 36 60 59 83 75 76 77 82 57 70 89 90 91 92 93 94 88 69 84 78 95:4 4 3 3 3 3 4 4 3 4 4 3 4 4 3 4 4 4 4 3,3 3 3 3 3 3 3 3 3 3 3 3 3 3 3 3,6 6 8 3 6 6 3 3 4 3>
10/1*/2*/2*/2*/2*/22/22/22/2x/2x/0/6/3/2/4/2/
# <1.1:144 3:2 4 6 8 10 12 14 16 18 20 22 24 26 28 30 32 34 36 38 40 42 44 46 48 50 52 54 56 58 60 62 64 66 68 70 72 74 76 78 80 82 84 86 88 90 92 94 96 98 100 102 104 106 108 110 112 114 116 118 120 122 124 126 128 130 132 134 136 138 140 142 144,6 3 5 12 9 11 18 15 17 24 21 23 30 27 29 36 33 35 42 39 41 48 45 47 54 51 53 60 57 59 66 63 65 72 69 71 78 75 77 84 81 83 90 87 89 96 93 95 102 99 101 108 105 107 114 111 113 120 117 119 126 123 125 132 129 131 138 135 137 144 141 143,7 8 11 12 6 10 19 20 31 32 26 25 36 35 29 30 33 34 43 44 55 56 50 49 60 59 53 54 57 58 62 72 71 68 67 70 74 76 78 85 86 97 98 92 91 102 101 95 96 99 100 105 106 108 115 116 127 128 122 121 132 131 125 126 129 130 134 136 138 140 142 144,19 20 21 22 23 24 88 87 86 85 90 89 38 37 42 41 40 39 134 133 138 137 136 135 94 93 92 91 96 95 119 120 115 116 117 118 72 71 70 69 68 67 140 139 144 143 142 141 110 109 114 113 112 111 84 83 82 81 80 79 124 123 122 121 126 125 131 132 127 128 129 130:3 3 3 3 3 3 3 3 3 3 3 3 3 3 3 3 3 3 3 3 3 3 3 3,3 3 3 3 3 3 3 3 3 3 3 3 3 3 3 3 3 3 3 3 3 3 3 3,5 5 6 4 4 5 5 6 6 6 5 5 4 6>
10/1x/22/22/22/22/22/222/222/222/2x/0/9/3/2/2/2/
# <1.1:124 3:2 4 6 8 10 12 14 16 18 20 22 24 26 28 30 32 34 36 38 40 42 44 46 48 50 52 54 56 58 60 62 64 66 68 70 72 74 76 78 80 82 84 86 88 90 92 94 96 98 100 102 104 106 108 110 112 114 116 118 120 122 124,6 3 5 12 9 11 18 15 17 24 21 23 30 27 29 36 33 35 42 39 41 48 45 47 54 51 53 56 62 59 61 68 65 67 74 71 73 80 77 79 86 83 85 92 89 91 98 95 97 104 101 103 106 112 109 111 118 115 117 124 121 123,7 8 19 20 14 13 24 23 17 18 21 22 31 32 43 44 38 37 48 47 41 42 45 46 50 55 56 54 63 64 75 76 70 69 80 79 73 74 77 78 82 84 86 93 94 97 98 92 96 105 106 102 104 111 112 110 114 124 123 120 119 122,43 44 45 46 47 48 115 116 117 118 113 114 99 100 101 102 103 104 72 71 70 69 74 73 121 122 123 124 119 120 49 50 51 52 53 54 97 98 93 94 95 96 105 106 86 85 84 83 82 81 91 92 87 88 89 90 110 109 108 107 112 111:3 3 3 3 3 3 3 3 3 4 3 3 3 3 3 3 3 3 4 3 3 3,3 3 3 3 3 3 3 3 4 3 3 3 3 3 3 3 4 3 3 3,6 6 6 4 4 5 5 4 6 4 4 4 4>
10/1x/22/22/22/22/222/2x/422/422/44/0/10/3/2/2/2/
# <1.1:120 3:2 4 6 8 10 12 14 16 18 20 22 24 26 28 30 32 34 36 38 40 42 44 46 48 50 52 54 56 58 60 62 64 66 68 70 72 74 76 78 80 82 84 86 88 90 92 94 96 98 100 102 104 106 108 110 112 114 116 118 120,6 3 5 12 9 11 18 15 17 24 21 23 30 27 29 36 33 35 42 39 41 44 50 47 49 52 58 55 57 64 61 63 70 67 69 76 73 75 82 79 81 88 85 87 94 91 93 100 97 99 106 103 105 108 110 116 113 115 118 120,10 9 12 11 108 107 117 118 19 20 31 32 26 25 36 35 29 30 33 34 38 40 44 43 46 48 52 51 59 60 71 72 66 65 76 75 69 70 73 74 83 84 95 96 90 89 100 99 93 94 97 98 110 109 105 106 112 120 119 116,87 88 83 84 85 86 19 20 21 22 23 24 50 49 48 47 46 45 79 80 81 82 77 78 75 76 71 72 73 74 98 97 96 95 100 99 107 108 117 118 92 91 90 89 94 93 112 111 116 115 114 113 106 105 104 103 102 101 119 120:3 3 3 3 3 3 3 3 3 3 3 3 3 3 3 3 3 3 3 3 3 3 3 3,4 4 3 3 3 3 4 4 3 3 3 3 3 3 3 3 4 4,6 6 6 3 3 3 3 6 6 3 3 6 3 3>
10/1x/22/22/22/322/322/322/33/33/3x/0/10/2/2/2/
# <1.1:240 3:2 4 6 8 10 12 14 16 18 20 22 24 26 28 30 32 34 36 38 40 42 44 46 48 50 52 54 56 58 60 62 64 66 68 70 72 74 76 78 80 82 84 86 88 90 92 94 96 98 100 102 104 106 108 110 112 114 116 118 120 122 124 126 128 130 132 134 136 138 140 142 144 146 148 150 152 154 156 158 160 162 164 166 168 170 172 174 176 178 180 182 184 186 188 190 192 194 196 198 200 202 204 206 208 210 212 214 216 218 220 222 224 226 228 230 232 234 236 238 240,6 3 5 12 9 11 18 15 17 24 21 23 30 27 29 36 33 35 42 39 41 48 45 47 54 51 53 60 57 59 66 63 65 72 69 71 78 75 77 84 81 83 90 87 89 96 93 95 102 99 101 108 105 107 114 111 113 120 117 119 126 123 125 132 129 131 138 135 137 144 141 143 150 147 149 156 153 155 162 159 161 168 165 167 174 171 173 180 177 179 186 183 185 192 189 191 198 195 197 204 201 203 210 207 209 216 213 215 222 219 221 228 225 227 234 231 233 240 237 239,7 8 19 20 14 13 24 23 17 18 21 22 31 32 43 44 38 37 48 47 41 42 45 46 55 56 67 68 62 61 72 71 65 66 69 70 79 80 91 92 86 85 96 95 89 90 93 94 103 104 107 108 102 106 110 112 114 121 122 133 134 128 127 138 137 131 132 135 136 145 146 157 158 152 151 162 161 155 156 159 160 169 170 181 182 176 175 186 185 179 180 183 184 188 198 197 194 193 196 205 206 209 210 204 208 212 214 216 223 224 220 225 226 228 230 232 234 236 238 240,235 236 237 238 239 240 188 187 192 191 190 189 43 44 45 46 47 48 163 164 165 166 167 168 103 104 105 106 107 108 212 211 216 215 214 213 126 125 124 123 122 121 140 139 144 143 142 141 230 229 234 233 232 231 200 199 204 203 202 201 85 86 87 88 89 90 156 155 154 153 152 151 217 218 219 220 221 222 109 110 111 112 113 114 129 130 131 132 127 128 208 207 206 205 210 209 157 158 159 160 161 162 184 183 182 181 186 185 226 225 224 223 228 227 193 194 195 196 197 198:3 3 3 3 3 3 3 3 3 3 3 3 3 3 3 3 3 3 3 3 3 3 3 3 3 3 3 3 3 3 3 3 3 3 3 3 3 3 3 3,3 3 3 3 3 3 3 3 3 3 3 3 3 3 3 3 3 3 3 3 3 3 3 3 3 3 3 3 3 3 3 3 3 3 3 3 3 3 3 3,4 12 6 3 3 10 5 5 12 3 3 6 8 3 3 4 4 8 6 4 4 4>
10/22/22/22/22/22/22/222/222/222/222/2/12/4/2/2/2/2/
# <1.1:288 3:2 4 6 8 10 12 14 16 18 20 22 24 26 28 30 32 34 36 38 40 42 44 46 48 50 52 54 56 58 60 62 64 66 68 70 72 74 76 78 80 82 84 86 88 90 92 94 96 98 100 102 104 106 108 110 112 114 116 118 120 122 124 126 128 130 132 134 136 138 140 142 144 146 148 150 152 154 156 158 160 162 164 166 168 170 172 174 176 178 180 182 184 186 188 190 192 194 196 198 200 202 204 206 208 210 212 214 216 218 220 222 224 226 228 230 232 234 236 238 240 242 244 246 248 250 252 254 256 258 260 262 264 266 268 270 272 274 276 278 280 282 284 286 288,6 3 5 12 9 11 18 15 17 24 21 23 30 27 29 36 33 35 42 39 41 48 45 47 54 51 53 60 57 59 66 63 65 72 69 71 78 75 77 84 81 83 90 87 89 96 93 95 102 99 101 108 105 107 114 111 113 120 117 119 126 123 125 132 129 131 138 135 137 144 141 143 150 147 149 156 153 155 162 159 161 168 165 167 174 171 173 180 177 179 186 183 185 192 189 191 198 195 197 204 201 203 210 207 209 216 213 215 222 219 221 228 225 227 234 231 233 240 237 239 246 243 245 252 249 251 258 255 257 264 261 263 270 267 269 276 273 275 282 279 281 288 285 287,7 8 19 20 14 13 24 23 17 18 21 22 31 32 28 33 34 36 43 44 55 56 50 49 60 59 53 54 57 58 67 68 79 80 74 73 84 83 77 78 81 82 91 92 103 104 98 97 108 107 101 102 105 106 110 112 114 121 122 133 134 128 127 138 137 131 132 135 136 145 146 149 150 144 148 157 158 161 162 156 160 164 166 168 170 180 179 176 175 178 187 188 199 200 194 193 204 203 197 198 201 202 211 212 223 224 218 217 228 227 221 222 225 226 235 236 232 237 238 240 247 248 251 252 246 250 259 260 271 272 266 265 276 275 269 270 273 274 278 280 282 284 286 288,25 26 27 28 29 30 280 279 278 277 282 281 238 237 236 235 240 239 165 166 167 168 163 164 115 116 117 118 119 120 251 252 247 248 249 250 73 74 75 76 77 78 107 108 103 104 105 106 112 111 110 109 114 113 242 241 246 245 244 243 177 178 179 180 175 176 268 267 266 265 270 269 223 224 225 226 227 228 162 161 160 159 158 157 272 271 276 275 274 273 145 146 147 148 149 150 222 221 220 219 218 217 233 234 229 230 231 232 196 195 194 193 198 197 202 201 200 199 204 203 260 259 264 263 262 261 205 206 207 208 209 210 285 286 287 288 283 284 258 257 256 255 254 253:3 3 3 3 3 3 3 3 3 3 3 3 3 3 3 3 3 3 3 3 3 3 3 3 3 3 3 3 3 3 3 3 3 3 3 3 3 3 3 3 3 3 3 3 3 3 3 3,3 3 3 3 3 3 3 3 3 3 3 3 3 3 3 3 3 3 3 3 3 3 3 3 3 3 3 3 3 3 3 3 3 3 3 3 3 3 3 3 3 3 3 3 3 3 3 3,20 4 4 4 4 4 14 8 3 3 8 6 12 5 5 3 3 4 4 3 3 4 4 4 4 4>
10/22/22/22/22/22/22/222/222/222/222/2/12/3/2/2/2/
# <1.1:144 3:2 4 6 8 10 12 14 16 18 20 22 24 26 28 30 32 34 36 38 40 42 44 46 48 50 52 54 56 58 60 62 64 66 68 70 72 74 76 78 80 82 84 86 88 90 92 94 96 98 100 102 104 106 108 110 112 114 116 118 120 122 124 126 128 130 132 134 136 138 140 142 144,6 3 5 12 9 11 18 15 17 24 21 23 30 27 29 36 33 35 42 39 41 48 45 47 54 51 53 60 57 59 66 63 65 72 69 71 78 75 77 84 81 83 90 87 89 96 93 95 102 99 101 108 105 107 114 111 113 120 117 119 126 123 125 132 129 131 138 135 137 144 141 143,7 8 19 20 14 13 24 23 17 18 21 22 31 32 43 44 38 37 48 47 41 42 45 46 50 60 59 56 55 58 62 72 71 68 67 70 79 80 91 92 86 85 96 95 89 90 93 94 98 100 102 104 106 108 115 116 127 128 122 121 132 131 125 126 129 130 134 136 138 140 142 144,136 135 134 133 138 137 50 49 54 53 52 51 37 38 39 40 41 42 87 88 89 90 85 86 141 142 143 144 139 140 62 61 66 65 64 63 112 111 110 109 114 113 121 122 123 124 125 126 78 77 76 75 74 73 120 119 118 117 116 115 100 99 98 97 102 101 130 129 128 127 132 131:3 3 3 3 3 3 3 3 3 3 3 3 3 3 3 3 3 3 3 3 3 3 3 3,3 3 3 3 3 3 3 3 3 3 3 3 3 3 3 3 3 3 3 3 3 3 3 3,4 6 6 6 6 6 6 4 4 4 6 4 4 6>
10/22/22/22/22/22/22/222/222/222/222/2/12/3/2/4/2/
# <1.1:124 3:2 4 6 8 10 12 14 16 18 20 22 24 26 28 30 32 34 36 38 40 42 44 46 48 50 52 54 56 58 60 62 64 66 68 70 72 74 76 78 80 82 84 86 88 90 92 94 96 98 100 102 104 106 108 110 112 114 116 118 120 122 124,6 3 5 8 14 11 13 20 17 19 26 23 25 32 29 31 38 35 37 40 46 43 45 52 49 51 58 55 57 64 61 63 70 67 69 76 73 75 82 79 81 86 85 92 89 91 98 95 97 104 101 103 110 107 109 116 113 115 120 119 122 124,7 8 4 6 15 16 27 28 22 21 32 31 25 26 29 30 42 41 44 43 39 40 124 123 85 86 79 80 52 59 60 71 72 66 65 76 75 69 70 73 74 78 84 83 88 90 92 94 104 103 100 99 102 111 112 108 113 114 116 118 121 122,56 55 54 53 58 57 40 39 113 114 115 116 111 112 74 73 72 71 76 75 77 78 79 80 81 82 33 34 35 36 37 38 52 51 50 49 48 47 90 89 88 87 92 91 95 96 97 98 93 94 117 118 119 120 109 110 105 106 107 108 123 124:3 3 3 3 3 3 3 3 3 3 3 3 3 3 3 4 3 3 3 3 3 4 3 3,4 3 3 3 3 4 4 4 4 3 3 3 3 3 3 3 3 3 3,4 4 4 6 4 4 6 6 8 3 3 3 3 4>
10/22/22/22/22/22/222/222/322/322/33/2/12/2/2/2/
# <1.1:160 3:2 4 6 8 10 12 14 16 18 20 22 24 26 28 30 32 34 36 38 40 42 44 46 48 50 52 54 56 58 60 62 64 66 68 70 72 74 76 78 80 82 84 86 88 90 92 94 96 98 100 102 104 106 108 110 112 114 116 118 120 122 124 126 128 130 132 134 136 138 140 142 144 146 148 150 152 154 156 158 160,6 3 5 12 9 11 18 15 17 24 21 23 30 27 29 36 33 35 42 39 41 48 45 47 54 51 53 60 57 59 66 63 65 72 69 71 78 75 77 84 81 83 90 87 89 96 93 95 102 99 101 108 105 107 114 111 113 120 117 119 126 123 125 132 129 131 134 140 137 139 142 148 145 147 154 151 153 160 157 159,7 8 19 20 14 13 24 23 17 18 21 22 31 32 43 44 38 37 48 47 41 42 45 46 55 56 59 60 54 58 67 68 79 80 74 73 84 83 77 78 81 82 91 92 103 104 98 97 108 107 101 102 105 106 115 116 112 117 118 120 122 141 142 126 128 134 133 132 136 138 140 149 150 153 154 148 152 156 158 160,100 99 98 97 102 101 54 53 52 51 50 49 118 117 116 115 120 119 37 38 39 40 41 42 145 146 147 148 143 144 55 56 57 58 59 60 127 128 129 130 131 132 136 135 140 139 138 137 88 87 86 85 90 89 151 152 153 154 149 150 156 155 160 159 158 157 112 111 110 109 114 113 125 126 121 122 123 124 141 142:3 3 3 3 3 3 3 3 3 3 3 3 3 3 3 3 3 3 3 3 3 3 4 3 4 3 3 3,3 3 3 3 3 3 3 3 3 3 3 3 3 3 3 3 3 3 3 3 4 4 3 3 3 3,6 5 5 3 3 3 3 12 6 6 4 4 6 4 4 6>
10/22/22/22/22/22/222/222/422/422/44/2/11/3/2/2/2/
# <1.1:108 3:2 4 6 8 10 12 14 16 18 20 22 24 26 28 30 32 34 36 38 40 42 44 46 48 50 52 54 56 58 60 62 64 66 68 70 72 74 76 78 80 82 84 86 88 90 92 94 96 98 100 102 104 106 108,2 8 5 7 14 11 13 20 17 19 26 23 25 32 29 31 38 35 37 44 41 43 46 48 54 51 53 60 57 59 66 63 65 72 69 71 78 75 77 80 86 83 85 92 89 91 94 96 102 99 101 108 105 107,41 42 9 10 13 14 8 12 21 22 33 34 28 27 38 37 31 32 35 36 45 46 44 54 53 50 93 94 61 62 73 74 68 67 78 77 71 72 75 76 83 84 89 90 91 92 96 95 98 100 102 104 106 108,93 94 69 70 71 72 67 68 33 34 35 36 37 38 39 40 41 42 43 44 87 88 89 90 91 92 101 102 97 98 99 100 96 95 80 79 73 74 75 76 77 78 107 108 103 104 105 106 86 85 84 83 82 81:3 3 3 3 3 3 3 3 3 3 3 3 3 3 3 3 3 3 3 3 3 3,5 3 3 3 3 3 3 5 3 3 3 3 4 4 3 3,5 5 4 4 4 4 3 3 4 8 3 3 4>
10/22/22/22/22/222/222/33/33/332/332/2/12/1/6/
# <1.1:88 3:2 4 6 8 10 12 14 16 18 20 22 24 26 28 30 32 34 36 38 40 42 44 46 48 50 52 54 56 58 60 62 64 66 68 70 72 74 76 78 80 82 84 86 88,6 3 5 12 9 11 18 15 17 22 21 26 25 32 29 31 34 36 42 39 41 48 45 47 54 51 53 60 57 59 66 63 65 72 69 71 78 75 77 84 81 83 86 88,18 17 21 22 8 7 14 13 12 19 20 36 35 26 28 34 33 85 86 43 44 55 56 50 49 60 59 53 54 57 58 87 88 64 66 68 70 72 74 84 83 80 79 82,81 82 83 84 79 80 42 41 40 39 38 37 32 31 30 29 28 27 23 24 25 26 36 35 68 67 72 71 70 69 77 78 73 74 75 76 61 62 63 64 65 66 88 87:3 3 3 4 4 3 3 3 3 3 3 3 3 3 3 3 4 4,4 3 4 3 5 3 3 3 3 4 3 3 3,4 8 3 3 4 4 4 3 3 4 4>
10/22/22/22/22/222/322/33/422/432/44/2/12/2/2/2/
# <1.1:132 3:2 4 6 8 10 12 14 16 18 20 22 24 26 28 30 32 34 36 38 40 42 44 46 48 50 52 54 56 58 60 62 64 66 68 70 72 74 76 78 80 82 84 86 88 90 92 94 96 98 100 102 104 106 108 110 112 114 116 118 120 122 124 126 128 130 132,2 8 5 7 14 11 13 20 17 19 26 23 25 32 29 31 38 35 37 44 41 43 50 47 49 56 53 55 62 59 61 68 65 67 74 71 73 80 77 79 82 88 85 87 94 91 93 96 102 99 101 108 105 107 114 111 113 120 117 119 122 124 130 127 129 132,8 7 4 6 15 16 27 28 22 21 32 31 25 26 29 30 39 40 51 52 46 45 56 55 49 50 53 54 63 64 75 76 70 69 80 79 73 74 77 78 84 83 86 88 96 95 92 94 103 104 121 122 105 106 132 131 110 120 119 116 115 118 125 126 128 130,121 122 14 13 12 11 10 9 99 100 101 102 97 98 72 71 70 69 74 73 51 52 53 54 55 56 84 83 88 87 86 85 116 115 120 119 118 117 59 60 61 62 57 58 92 91 90 89 94 93 130 129 128 127 126 125 132 131 123 124 109 110 111 112 113 114:3 3 3 3 3 3 3 3 3 3 3 3 3 3 3 3 3 3 3 3 3 3 3 3 3 3,4 3 3 3 3 3 3 3 3 3 3 3 3 4 4 4 4 3 3 4,3 3 6 6 4 4 8 3 3 4 4 6 6 3 3>
10/22/22/22/22/322/322/322/322/33/33/2/11/2/2/2/
# <1.1:60 3:2 4 6 8 10 12 14 16 18 20 22 24 26 28 30 32 34 36 38 40 42 44 46 48 50 52 54 56 58 60,6 3 5 12 9 11 14 16 22 19 21 28 25 27 34 31 33 40 37 39 46 43 45 48 54 51 53 56 58 60,15 16 4 55 56 8 60 59 13 14 23 24 35 36 30 29 40 39 33 34 37 38 42 47 48 58 57 50 52 54,24 23 28 27 26 25 22 21 20 19 18 17 15 16 53 54 49 50 51 52 44 43 42 41 46 45 60 59 57 58:3 3 3 3 3 3 3 3 3 3 3 4 4 3,5 5 3 3 3 3 5 3,3 3 4 3 3 4 3 3 4>
10/22/22/22/222/33/33/332/432/432/44/2/12/1/2/
# <1.1:108 3:2 4 6 8 10 12 14 16 18 20 22 24 26 28 30 32 34 36 38 40 42 44 46 48 50 52 54 56 58 60 62 64 66 68 70 72 74 76 78 80 82 84 86 88 90 92 94 96 98 100 102 104 106 108,6 3 5 12 9 11 18 15 17 24 21 23 30 27 29 32 38 35 37 44 41 43 50 47 49 56 53 55 62 59 61 68 65 67 74 71 73 80 77 79 86 83 85 92 89 91 94 100 97 99 102 104 106 108,7 8 19 20 14 13 24 23 17 18 21 22 101 102 28 30 34 33 36 104 103 45 46 49 50 44 48 107 108 54 56 63 64 75 76 70 69 80 79 73 74 77 78 87 88 84 89 90 92 99 100 105 106 98,36 35 34 33 38 37 48 47 46 45 50 49 25 26 27 28 29 30 88 87 92 91 90 89 94 93 73 74 69 70 71 72 60 59 58 57 62 61 84 83 82 81 86 85 95 96 97 98 99 100 104 103 108 107:3 3 3 3 3 3 3 3 3 3 3 3 3 3 3 3 3 3 3 3 3 3,3 3 3 3 4 5 3 3 4 3 3 3 3 3 3 5,4 5 5 3 3 4 4 8 4 4 3 3 4>
10/22/22/22/322/322/33/33/33/332/332/2/12/1/2/
# <1.1:60 3:2 4 6 8 10 12 14 16 18 20 22 24 26 28 30 32 34 36 38 40 42 44 46 48 50 52 54 56 58 60,6 3 5 8 14 11 13 16 22 19 21 28 25 27 34 31 33 40 37 39 46 43 45 52 49 51 54 56 58 60,57 58 8 7 6 15 16 12 60 59 18 20 54 53 29 30 41 42 36 35 46 45 39 40 43 44 55 56 50 52,39 40 35 36 37 38 15 16 27 28 23 24 25 26 29 30 31 32 33 34 48 47 52 51 50 49 58 57 59 60:3 3 3 3 3 3 3 3 3 3 4 4 4 4,5 5 4 3 3 3 3 4,3 3 3 3 4 4 3 3 4>
10/22/22/22/33/422/422/432/432/44/44/2/12/2/2/2/
# <1.1:64 3:2 4 6 8 10 12 14 16 18 20 22 24 26 28 30 32 34 36 38 40 42 44 46 48 50 52 54 56 58 60 62 64,6 3 5 12 9 11 18 15 17 24 21 23 30 27 29 32 34 36 42 39 41 48 45 47 50 56 53 55 58 60 62 64,7 8 19 20 14 13 24 23 17 18 21 22 34 33 28 32 31 39 40 38 61 62 49 50 46 59 60 52 63 64 58 57,25 26 27 28 29 30 53 54 55 56 51 52 44 43 48 47 46 45 37 38 39 40 41 42 50 49 64 63 60 59 61 62:3 3 3 3 3 3 3 3 3 3 3 3 3 3 3 3,3 3 3 3 5 5 5 5,3 3 4 3 3 3 3 4 3 3>
10/22/22/33/33/33/33/332/332/332/332/2/12/1/3/
# <1.1:40 3:2 3 5 7 8 10 11 12 13 14 15 16 17 18 20 21 22 23 25 26 27 28 29 30 31 32 33 34 35 36 37 38 39 40,2 5 27 7 9 32 12 14 16 18 40 21 23 33 26 29 31 35 37 39,19 20 28 6 7 30 24 25 16 13 15 40 21 32 26 29 33 38 37 39,7 6 8 10 9 17 18 23 22 36 37 24 25 26 32 38 39 34 35 40:3 4 3 4 4 4 4 4 4 4 4 4 4 4 4 4,4 4 3 3 3 3,3 3 3 4 3 4>
11/*22/*22/*22/*22/*222/*222/1*/1*/3*2/3*2/33/1/16/2/2/6/
# <1.1:48 3:2 3 5 6 7 8 9 10 11 12 13 15 17 18 19 20 21 22 23 24 25 27 29 30 31 33 34 36 37 38 39 40 41 42 43 44 45 46 47 48,3 42 39 6 8 10 12 14 18 17 20 22 24 27 30 29 32 48 35 45 38 41 44 47,4 5 41 43 10 12 11 18 16 17 23 21 24 30 29 28 38 35 36 37 40 44 47 48,35 36 34 15 14 13 24 23 46 47 38 37 29 28 39 41 40 43 44 31 33 32 48 45:4 4 4 4 4 4 4 4 4 4 4 4 4 4 4 4 4 4,3 3 3 3 3 3 3 3,4 4 4 4 4 4>
11/*22/*22/*22/*222/*222/1*/1*/1*/4*/4*/44/1/11/4/4/2/2/2/
# <1.1:48 3:1 3 5 6 7 8 9 10 12 13 14 15 16 18 19 20 21 22 24 25 27 28 29 30 31 32 33 35 36 38 39 40 41 42 43 44 45 46 47 48,3 9 43 6 8 12 13 15 17 46 20 22 25 45 28 31 30 33 36 44 42 39 41 48,47 5 4 8 9 14 12 15 20 18 46 25 45 24 35 34 30 44 33 36 38 41 42 48,10 11 12 37 38 39 32 33 13 20 19 44 35 34 40 41 26 27 28 47 48 45 46 43:4 4 4 4 4 4 4 4 4 4 4 4 4 4 4 4,3 3 3 3 3 3 3 3,4 4 4 4 4 4>
11/*22/*22/*22/1*/1*/2*2/2*2/2*2/2*2/22/22/1/12/4/2/2/2/2/
# <1.1:48 3:1 3 4 6 7 9 10 11 12 13 14 15 16 17 19 20 22 23 24 25 27 28 29 30 31 33 34 36 37 38 39 40 41 42 43 44 45 46 47 48,3 4 6 8 16 11 13 15 18 41 21 28 24 26 40 42 31 34 37 36 39 44 46 48,4 6 5 11 26 27 25 45 44 16 40 24 21 22 23 48 30 38 35 36 37 42 47 46,7 9 8 16 35 36 12 13 44 43 25 26 27 34 32 33 31 30 37 45 48 47 41 46:4 3 4 4 4 4 4 4 4 4 6 4 4 3 4 4 6 4,3 3 3 3 3 3 3 3,4 4 4 4 4 4>
11/*22/*22/*322/*322/*33/1*/1*/1*/3*/3*/33/1/11/3/2/6/2/
# <1.1:36 3:2 3 4 6 7 8 9 10 11 12 13 14 16 17 18 19 20 21 22 23 24 26 27 28 29 30 31 32 33 34 35 36,11 3 5 19 20 9 17 13 15 18 35 23 26 27 29 31 33 36,5 6 7 23 35 17 21 22 14 18 16 20 28 26 29 36 33 34,25 26 24 18 16 15 17 29 28 20 27 31 30 19 33 34 36 35:4 4 6 4 6 4 4 6 6 4 4 4 6 6,3 3 3 3 3 3,4 3 3 4 4>
11/*22/*22/*33/*33/*332/*332/1*/1*/2*2/2*2/22/1/16/2/2/2/
# <1.1:36 3:1 2 3 5 6 8 9 11 12 13 14 15 16 17 18 19 20 21 23 24 25 26 27 28 29 30 31 32 33 34 35 36,2 5 12 8 13 11 27 33 16 18 20 23 26 25 30 36 32 35,3 6 7 8 31 11 19 20 16 18 33 24 23 26 32 34 30 36,18 17 26 23 22 9 10 11 21 27 36 25 24 35 34 32 33 31:4 4 4 4 8 4 4 4 4 4 6 8 6 4,3 3 3 3 3 3,3 4 4 4 3>
11/*22/*22/*33/*422/*432/*44/1*/1*/2*2/2*3/22/1/16/3/2/2/2/
# <1.1:48 3:2 3 4 5 6 8 9 11 12 13 14 15 16 17 18 19 21 22 24 25 26 28 29 30 32 33 34 35 36 38 39 40 41 42 43 44 45 46 47 48,39 3 5 7 14 10 30 13 16 18 21 47 23 44 26 48 29 40 33 35 37 41 43 46,8 7 4 6 12 27 28 48 16 39 19 44 23 24 45 30 29 38 37 35 36 43 42 47,21 20 47 25 26 14 8 40 31 32 15 16 43 42 39 44 24 28 48 33 45 46 41 38:4 4 4 4 4 4 4 4 4 4 4 4 4 4 4 4,3 3 3 3 3 3 3 3,4 4 4 4 4 4>
11/*22/*22/1*/1*/1*/2*/2*/2*/2*/22/22/1/8/5/2/2/2/2/2/
# <1.1:36 3:1 2 3 5 6 7 9 10 11 12 14 15 16 18 19 20 21 22 23 24 25 26 27 28 29 30 31 32 33 34 35 36,2 4 7 29 34 10 12 31 15 18 19 21 23 25 30 28 33 36,7 3 5 35 13 14 11 15 21 18 20 30 24 26 29 36 32 34,25 24 15 14 13 21 31 17 18 16 22 23 34 29 36 33 32 35:6 4 6 4 4 4 4 6 4 6 6 4 4 6,3 3 3 3 3 3,4 3 4 4 3>
11/*22/*33/*33/*33/*332/*332/1*/1*/2*3/2*3/22/1/16/2/2/2/
# <1.1:60 3:1 3 4 6 7 9 11 13 15 17 18 19 21 22 24 26 27 29 30 31 33 34 36 37 38 40 42 43 45 46 47 49 51 53 55 56 57 58 59 60,2 56 6 58 8 59 15 12 14 31 18 21 22 24 30 27 29 60 34 38 37 40 42 44 46 48 57 55 52 54,4 53 52 55 54 18 14 15 32 33 16 17 22 24 23 28 29 30 34 40 39 38 44 45 46 56 51 50 58 60,46 45 44 22 21 20 59 9 55 54 53 52 51 50 35 36 37 58 28 29 32 33 34 60 38 41 42 56 57 49:4 4 4 3 4 4 3 4 3 4 4 6 6 4 4 3,3 3 3 3 3 3 3 3 3 3,5 4 4 4 4 5 4>
11/1*/1*/2*/2*/22/3*/3*/33/6*/6*/66/1/6/3/2/6/2/
# <1.1:60 3:2 3 4 6 8 9 10 12 13 15 16 18 20 22 24 25 27 28 30 31 32 34 35 37 38 40 42 44 46 47 48 49 50 52 53 55 57 58 59 60,3 4 6 9 10 12 14 49 18 28 24 21 23 26 50 32 31 60 35 48 38 44 41 43 59 47 52 55 58 57,5 6 4 11 12 10 16 20 19 22 21 26 27 28 52 51 32 44 43 38 41 42 45 46 48 50 58 57 56 60,18 17 16 28 51 52 45 46 59 47 56 57 49 15 41 42 43 44 39 40 53 55 54 33 34 35 60 37 48 58:4 4 4 4 4 4 3 4 4 4 4 3 4 4 4 4,3 3 3 3 3 3 3 3 3 3,4 4 5 4 4 5 4>
11/1*/1*/2*/2*/22/4*/4*/4*/4*/44/44/1/6/4/2/4/2/2/
# <1.1:72 3:1 3 5 6 7 9 11 13 15 17 18 19 21 22 24 26 28 30 31 33 34 36 37 39 40 41 43 44 45 46 48 50 51 52 54 56 57 59 60 61 62 64 65 66 68 69 70 72,2 6 5 8 61 15 12 14 45 18 21 69 24 40 30 27 29 33 34 36 39 70 42 44 48 62 52 51 54 56 58 60 66 65 68 72,6 4 5 18 14 15 47 48 16 17 22 26 25 29 30 38 39 34 36 35 40 44 72 71 46 54 53 52 58 59 60 62 68 67 66 70,7 8 9 35 36 61 25 26 27 28 29 30 63 64 65 60 58 59 34 33 32 40 44 42 43 70 66 51 49 50 62 55 56 69 71 72:4 3 4 3 4 4 4 3 4 3 4 4 4 4 3 3 4 4 3 3,3 3 3 3 3 3 3 3 3 3 3 3,6 4 4 4 4 4 4 6>
11/1*/1*/3*/3*/3*/3*/3*/3*/33/33/33/1/6/3/2/6/3/
# <1.1:216 3:2 4 6 8 10 12 14 16 18 20 22 24 26 28 30 32 34 36 38 40 42 44 46 48 50 52 54 56 58 60 62 64 66 68 70 72 74 76 78 80 82 84 86 88 90 92 94 96 98 100 102 104 106 108 110 112 114 116 118 120 122 124 126 128 130 132 134 136 138 140 142 144 146 148 150 152 154 156 158 160 162 164 166 168 170 172 174 176 178 180 182 184 186 188 190 192 194 196 198 200 202 204 206 208 210 212 214 216,6 3 5 12 9 11 18 15 17 24 21 23 30 27 29 36 33 35 42 39 41 48 45 47 54 51 53 60 57 59 66 63 65 72 69 71 78 75 77 84 81 83 90 87 89 96 93 95 102 99 101 108 105 107 114 111 113 120 117 119 126 123 125 132 129 131 138 135 137 144 141 143 150 147 149 156 153 155 162 159 161 168 165 167 174 171 173 180 177 179 186 183 185 192 189 191 198 195 197 204 201 203 210 207 209 216 213 215,7 8 19 20 14 13 24 23 17 18 21 22 31 32 28 33 34 36 43 44 55 56 50 49 60 59 53 54 57 58 67 68 79 80 74 73 84 83 77 78 81 82 91 92 103 104 98 97 108 107 101 102 105 106 115 116 127 128 122 121 132 131 125 126 129 130 139 140 151 152 146 145 156 155 149 150 153 154 158 160 162 164 174 173 170 169 172 176 186 185 182 181 184 188 190 192 194 196 198 200 202 204 206 216 215 212 211 214,204 203 202 201 200 199 82 81 80 79 84 83 25 26 27 28 29 30 105 106 107 108 103 104 67 68 69 70 71 72 173 174 169 170 171 172 112 111 110 109 114 113 161 162 157 158 159 160 138 137 136 135 134 133 142 141 140 139 144 143 181 182 183 184 185 186 119 120 115 116 117 118 216 215 214 213 212 211 190 189 188 187 192 191 209 210 205 206 207 208 165 166 167 168 163 164 178 177 176 175 180 179 197 198 193 194 195 196:3 3 3 3 3 3 3 3 3 3 3 3 3 3 3 3 3 3 3 3 3 3 3 3 3 3 3 3 3 3 3 3 3 3 3 3,3 3 3 3 3 3 3 3 3 3 3 3 3 3 3 3 3 3 3 3 3 3 3 3 3 3 3 3 3 3 3 3 3 3 3 3,6 6 10 6 6 3 3 6 14 3 3 4 10 6 3 3 3 3 6 4>
11/22/22/22/22/22/22/22/222/222/222/222/2/12/4/2/2/2/2/
# <1.1:52 3:2 4 5 6 7 8 9 10 11 12 13 14 16 17 18 20 22 24 26 27 29 30 32 34 36 38 40 41 42 43 44 45 47 48 49 50 51 52,2 5 6 8 10 12 14 18 17 24 21 23 27 48 30 50 36 33 35 38 44 41 43 46 49 52,4 3 51 52 10 12 11 18 17 16 25 26 46 47 29 28 30 32 34 37 38 40 43 44 48 50,38 37 28 29 30 50 42 43 52 51 14 13 46 47 49 45 34 33 32 31 36 35 39 40 44 48:3 4 4 4 4 4 4 3 4 4 3 3 4 4 4 4,4 3 3 3 3 3 4 3,3 3 4 4 4 4 4>
12/*22/*22/*22/*222/1*/2*2/2*2/22/22/3*2/322/33/1/15/2/2/2/
# <1.1:56 3:1 2 4 5 7 8 10 12 13 14 16 18 20 22 23 25 26 27 28 30 31 32 34 35 36 37 38 39 40 41 42 43 44 46 48 50 52 53 54 55 56,2 5 39 8 44 10 13 14 20 17 19 36 23 26 37 28 31 32 35 38 41 43 50 47 49 52 54 56,5 8 6 7 11 12 14 21 22 24 25 34 33 26 32 31 30 36 38 40 44 55 54 46 48 51 52 56,56 55 24 25 26 11 12 13 51 52 44 47 48 49 50 45 46 22 36 53 54 34 33 38 35 39 43 42:4 4 4 4 4 3 4 4 4 4 4 4 4 3 4 4 4,3 3 3 3 3 3 3 3 4,5 4 4 4 3 4 4>
12/*22/*22/*222/1*/1*/2*/2*2/22/22/4*/422/44/1/12/4/2/2/2/2/
# <1.1:56 3:1 2 4 5 6 8 9 11 12 13 14 16 17 18 20 21 22 24 25 27 28 29 30 31 33 35 37 38 40 42 44 46 47 48 49 50 51 52 54 55 56,2 21 5 7 48 11 52 13 16 17 19 38 24 25 27 29 31 37 34 36 44 41 43 51 47 50 54 56,5 21 4 9 43 44 41 42 18 14 20 19 56 25 27 26 49 31 50 54 53 35 37 55 46 45 48 52,29 28 10 11 9 17 15 16 50 49 48 25 23 24 52 38 54 53 55 56 43 44 39 40 41 42 46 51:6 4 4 4 4 4 4 4 3 6 4 3 3 4 4 3 4,3 3 3 3 3 3 3 3 4,4 5 4 4 4 4 3>
12/*22/*322/*33/1*/1*/2*/2*3/22/22/3*/322/33/1/12/3/2/2/2/
# <1.1:48 3:1 2 3 5 6 8 9 11 12 13 14 15 16 17 18 20 21 22 23 25 27 29 30 32 33 34 35 36 37 39 40 41 42 44 46 48,2 4 34 8 33 11 36 13 15 17 19 21 23 29 26 28 31 35 38 40 42 48 45 47,9 36 6 25 24 27 26 11 17 15 16 23 20 22 31 32 33 35 42 39 41 44 46 48,14 15 9 11 10 40 38 39 22 23 41 42 35 32 31 30 46 45 44 43 48 47 37 36:6 4 4 4 6 6 4 4 6 3 4 4 4 3,3 3 3 3 3 3 3 3,4 4 4 4 4 4>
12/*22/*33/*33/*332/1*/2*2/2*3/2*3/22/22/22/222/1/15/3/2/2/2/
# <1.1:144 3:2 4 6 8 10 12 14 16 18 20 22 24 26 28 30 32 34 36 38 40 42 44 46 48 50 52 54 56 58 60 62 64 66 68 70 72 74 76 78 80 82 84 86 88 90 91 93 95 97 99 100 102 103 104 106 108 110 112 113 115 116 118 119 120 122 124 126 128 130 132 134 135 136 138 140 142 143 144,6 3 5 12 9 11 18 15 17 24 21 23 30 27 29 36 33 35 42 39 41 48 45 47 54 51 53 60 57 59 66 63 65 72 69 71 78 75 77 84 81 83 90 87 89 92 103 99 96 98 101 136 106 135 112 109 111 114 119 117 143 122 144 128 125 127 134 131 133 142 139 141,2 12 11 8 7 10 19 20 31 32 26 25 36 35 29 30 33 34 38 40 42 49 50 61 62 56 55 66 65 59 60 63 64 73 74 85 86 80 79 90 89 83 84 87 88 100 95 94 101 102 105 106 104 122 121 118 117 114 115 116 120 129 130 126 131 132 134 136 138 140 142 144,13 14 15 16 17 18 43 44 45 46 47 48 85 86 87 88 89 90 126 125 124 123 128 127 55 56 57 58 59 60 61 62 63 64 65 66 97 96 95 94 99 98 138 137 142 141 140 139 129 130 131 132 133 134 111 112 107 108 109 110 103 93 136 102 144 122 121 119 115 143 118 135:3 3 3 3 3 3 3 3 3 3 3 3 3 3 3 4 3 4 4 3 4 4 4 3 3 3,3 3 3 3 3 3 3 3 3 3 3 3 3 3 3 3 3 3 3 3 3 3 3 3,6 3 3 9 4 5 5 3 3 10 5 5 5 6>
12/1*/2*/2*/2*/2*/22/22/22/22/22/222/222/1/10/4/2/2/2/2/
# <1.1:144 3:2 4 6 8 10 12 14 16 18 20 22 24 26 28 30 32 34 36 38 40 42 44 46 48 50 52 54 56 58 60 62 64 66 68 70 72 74 76 78 80 82 84 86 88 90 92 94 96 98 100 102 104 106 108 110 112 114 116 118 120 122 124 126 128 130 132 134 136 138 140 142 144,6 3 5 12 9 11 18 15 17 24 21 23 30 27 29 36 33 35 42 39 41 48 45 47 54 51 53 60 57 59 66 63 65 72 69 71 78 75 77 84 81 83 90 87 89 96 93 95 102 99 101 108 105 107 114 111 113 120 117 119 126 123 125 132 129 131 138 135 137 144 141 143,7 8 4 9 10 12 19 20 31 32 26 25 36 35 29 30 33 34 43 44 55 56 50 49 60 59 53 54 57 58 62 64 66 68 70 72 79 80 91 92 86 85 96 95 89 90 93 94 103 104 115 116 110 109 120 119 113 114 117 118 127 128 124 129 130 132 134 136 138 140 142 144,57 58 59 60 55 56 28 27 26 25 30 29 74 73 78 77 76 75 136 135 134 133 138 137 49 50 51 52 53 54 97 98 99 100 101 102 64 63 62 61 66 65 82 81 80 79 84 83 109 110 111 112 113 114 127 128 129 130 131 132 140 139 144 143 142 141 122 121 126 125 124 123:3 3 3 3 3 3 3 3 3 3 3 3 3 3 3 3 3 3 3 3 3 3 3 3,3 3 3 3 3 3 3 3 3 3 3 3 3 3 3 3 3 3 3 3 3 3 3 3,6 4 6 6 4 6 4 4 6 6 4 6 6 4>
12/1x/1x/22/22/22/22/22/22/222/222/222/222/0/12/4/2/2/2/2/
# <1.1:180 3:2 4 6 8 10 12 14 16 18 20 22 24 26 28 30 32 34 36 38 40 42 44 46 48 50 52 54 56 58 60 62 64 66 68 70 72 74 76 78 80 82 84 86 88 90 92 94 96 98 100 102 104 106 108 110 112 114 116 118 120 122 124 126 128 130 132 134 136 138 140 142 144 146 148 150 152 154 156 158 160 162 164 166 168 170 172 174 176 178 180,6 3 5 12 9 11 18 15 17 24 21 23 30 27 29 36 33 35 42 39 41 48 45 47 54 51 53 60 57 59 66 63 65 72 69 71 78 75 77 84 81 83 90 87 89 96 93 95 102 99 101 108 105 107 114 111 113 120 117 119 126 123 125 132 129 131 138 135 137 144 141 143 150 147 149 156 153 155 162 159 161 168 165 167 174 171 173 180 177 179,7 8 19 20 14 13 24 23 17 18 21 22 26 28 30 37 38 49 50 44 43 54 53 47 48 51 52 61 62 73 74 68 67 78 77 71 72 75 76 85 86 82 87 88 90 97 98 109 110 104 103 114 113 107 108 111 112 121 122 125 126 120 124 133 134 130 135 136 138 140 142 144 151 152 163 164 158 157 168 167 161 162 165 166 170 172 174 176 178 180,118 117 116 115 120 119 85 86 87 88 89 90 28 27 26 25 30 29 49 50 51 52 53 54 57 58 59 60 55 56 164 163 168 167 166 165 61 62 63 64 65 66 114 113 112 111 110 109 179 180 175 176 177 178 155 156 151 152 153 154 128 127 132 131 130 129 125 126 121 122 123 124 142 141 140 139 144 143 162 161 160 159 158 157 173 174 169 170 171 172:3 3 3 3 3 3 3 3 3 3 3 3 3 3 3 3 3 3 3 3 3 3 3 3 3 3 3 3 3 3,3 3 3 3 3 3 3 3 3 3 3 3 3 3 3 3 3 3 3 3 3 3 3 3 3 3 3 3 3 3,12 5 5 4 4 4 4 8 8 4 5 5 6 4 4 4 4>
# Dup: 12/1x/1x/22/22/22/22/22/22/222/222/222/222/0/12/4/2/2/2/2/
# <1.1:72 3:1 3 4 6 7 8 9 10 11 13 14 15 17 19 21 23 24 26 27 29 30 32 33 35 37 39 41 42 43 45 47 49 51 52 53 54 55 56 57 58 60 61 62 63 64 65 66 68 70 72,2 56 5 9 8 11 15 14 21 18 20 24 66 27 62 43 30 64 33 39 36 38 63 42 49 46 48 55 52 54 58 65 61 72 69 71,8 5 6 7 57 15 14 13 22 23 59 60 26 25 27 39 38 33 36 37 41 40 43 45 47 49 51 53 55 58 62 64 66 68 70 72,42 41 40 9 6 11 10 22 23 66 24 70 69 68 67 72 71 32 31 33 29 43 47 46 45 44 49 48 60 59 65 57 58 61 63 64:4 4 4 4 4 3 4 4 4 4 3 4 3 4 4 4 4 3,3 3 3 3 3 3 3 3 3 3 3 3,5 5 5 4 4 6 3 4>
13/*22/1*/2*/2*/2*2/2*2/22/22/22/22/22/222/222/1/13/4/2/2/2/2/
# <1.1:64 3:2 4 6 7 9 10 12 13 14 16 18 20 22 24 26 28 30 32 33 35 36 38 39 40 42 43 44 45 46 48 49 50 51 52 54 56 58 59 60 62 63 64,6 3 5 8 13 11 44 15 43 22 19 21 24 30 27 29 51 33 36 40 52 39 42 46 50 49 58 55 57 60 64 63,15 16 12 11 8 9 10 14 23 24 20 22 31 32 34 35 38 37 36 40 55 56 44 49 50 48 52 54 58 64 63 62,58 57 56 55 54 53 13 9 36 34 35 50 47 48 27 28 29 30 25 26 41 42 32 51 61 62 63 44 49 60 59 64:3 4 4 4 3 4 3 4 4 4 4 4 4 3 4 4,3 3 3 4 3 3 3 4 3 3,4 4 4 3 6 4 3 4>
13/*22/1*/2*/2*/2*2/2*2/22/22/22/22/422/422/44/1/13/4/2/2/2/2/
# <1.1:64 3:2 3 5 7 9 10 12 13 14 16 17 19 21 23 25 27 29 31 33 35 36 37 38 39 41 43 45 47 48 50 51 53 54 55 56 58 59 60 61 62 63 64,13 3 9 6 8 12 59 16 61 18 38 25 22 24 27 33 30 32 35 37 40 55 47 44 46 49 63 52 64 62 58 60,4 5 10 12 11 15 16 14 36 19 21 23 27 26 29 31 35 34 38 48 43 42 49 50 57 58 54 53 56 61 63 64,57 58 56 32 33 28 29 30 31 59 12 60 38 18 19 61 42 43 44 45 46 47 34 35 54 62 55 41 51 52 53 64:4 3 4 4 4 3 3 3 3 6 4 3 4 4 6 4,3 3 3 3 4 4 3 3 3 3,4 4 6 3 4 4 3 4>
13/*33/1*/2*/2*/2*3/2*3/22/22/22/22/322/322/33/1/13/3/2/2/2/
# <1.1:76 3:2 4 6 8 10 12 14 16 18 20 22 24 26 28 30 32 34 36 38 39 41 42 44 45 47 48 49 51 52 54 56 58 60 62 63 64 66 68 69 70 72 74 76,6 3 5 8 14 11 13 20 17 19 26 23 25 32 29 31 38 35 37 40 48 43 63 46 64 50 52 54 56 62 59 61 66 69 70 76 73 75,2 4 7 8 15 16 27 28 22 21 32 31 25 26 29 30 46 47 44 43 40 41 42 48 52 54 53 59 60 58 62 64 67 68 70 72 74 76,27 28 29 30 31 32 65 66 59 60 61 62 57 58 35 36 37 38 33 34 71 72 73 74 75 76 70 68 67 49 50 51 64 47 69 63 55 56:3 3 3 3 3 3 3 4 4 4 4 6 6 3 3 4 3,4 3 3 3 3 3 3 3 3 4 3 3,4 4 4 4 4 4 4 5 5>
13/1*/2*/22/22/22/22/222/3*/322/33/6*/622/66/1/12/3/2/2/2/
# <1.1:76 3:2 4 6 8 10 11 12 14 16 18 20 22 24 26 28 30 32 34 36 38 40 42 44 46 47 49 50 52 54 56 57 59 60 62 64 66 68 69 70 72 73 75 76,6 3 5 8 12 11 14 20 17 19 26 23 25 32 29 31 38 35 37 44 41 43 70 47 57 50 56 53 55 69 60 62 68 65 67 76 73 75,2 8 7 6 13 14 12 16 18 20 27 28 39 40 34 33 44 43 37 38 41 42 56 55 50 53 54 58 59 60 65 66 64 68 70 74 75 76,24 23 22 21 26 25 14 13 46 45 70 47 35 36 37 38 33 34 56 55 54 53 52 51 67 68 63 64 65 66 71 72 73 76 59 69 74 75:3 4 4 4 3 3 3 3 3 4 4 3 4 4 3 4 4,4 3 3 3 3 3 3 3 3 3 4 3,4 4 4 4 5 4 5 4 4>
13/1*/2*/22/22/22/22/222/4*/4*/422/422/44/44/1/12/4/2/2/2/2/
# <1.1:84 3:2 4 6 8 10 12 13 15 16 18 20 21 23 24 26 28 30 32 34 36 38 40 42 44 46 48 50 52 54 56 58 59 61 62 64 66 67 69 70 72 74 76 78 79 80 82 83 84,6 3 5 12 9 11 14 79 17 84 20 22 24 30 27 29 36 33 35 42 39 41 48 45 47 54 51 53 56 58 61 62 64 66 68 70 72 78 75 77 81 83,2 55 56 6 81 82 18 17 14 15 16 22 23 24 26 57 58 30 37 38 49 50 44 43 54 53 47 48 51 52 62 64 63 68 69 70 78 77 74 76 80 84,46 45 44 43 48 47 31 32 33 34 35 36 24 23 22 70 69 68 56 55 79 40 39 38 37 42 41 78 77 76 75 74 73 63 64 83 81 82 80 71 72 84:3 3 4 4 3 4 3 3 3 3 3 3 3 4 3 3 4 3 3 4,4 3 3 3 3 4 3 3 3 3 3 3 4,4 4 4 4 4 4 4 4 6 4>
13/1*/22/22/22/3*/3*/3*/322/322/322/33/33/33/1/12/2/2/2/
# <1.1:144 3:2 4 6 8 10 12 14 16 18 20 22 24 26 28 30 32 34 36 38 40 42 44 46 48 50 52 54 56 58 60 62 64 66 68 70 72 74 76 78 80 82 84 86 88 90 92 94 96 98 100 102 104 106 108 110 112 114 116 118 120 122 124 126 128 130 132 134 136 138 140 142 144,6 3 5 12 9 11 18 15 17 24 21 23 30 27 29 36 33 35 42 39 41 48 45 47 54 51 53 60 57 59 66 63 65 72 69 71 78 75 77 84 81 83 90 87 89 96 93 95 102 99 101 108 105 107 114 111 113 120 117 119 126 123 125 132 129 131 138 135 137 144 141 143,7 8 19 20 14 13 24 23 17 18 21 22 27 28 30 32 34 36 43 44 55 56 50 49 60 59 53 54 57 58 67 68 71 72 66 70 74 76 78 85 86 97 98 92 91 102 101 95 96 99 100 104 106 108 113 114 112 121 122 133 134 128 127 138 137 131 132 135 136 140 142 144,55 56 57 58 59 60 74 73 78 77 76 75 133 134 135 136 137 138 25 26 27 28 29 30 123 124 125 126 121 122 140 139 144 143 142 141 97 98 99 100 101 102 65 66 61 62 63 64 129 130 131 132 127 128 108 107 106 105 104 103 112 111 110 109 114 113 115 116 117 118 119 120:3 3 3 3 3 3 3 3 3 3 3 3 3 3 3 3 3 3 3 3 3 3 3 3,3 3 3 3 3 3 3 3 3 3 3 3 3 3 3 3 3 3 3 3 3 3 3 3,6 6 6 4 4 4 6 4 6 6 4 6 6 4>
13/22/22/22/22/22/22/22/222/222/222/222/2x/2x/0/14/3/2/4/2/
# <1.1:48 3:1 2 4 5 6 8 10 11 12 13 14 15 16 17 18 19 20 21 22 23 24 25 26 27 28 29 30 31 32 33 34 35 36 37 38 39 40 41 42 43 44 46 47 48,2 5 42 7 12 11 31 14 16 18 20 22 24 26 28 30 33 35 37 39 41 44 48 47,5 48 45 46 33 10 9 17 18 15 25 26 24 22 23 34 29 35 32 38 40 41 44 47,30 29 10 9 31 47 46 45 42 48 41 40 27 28 25 26 35 34 38 39 33 32 43 44:4 4 4 4 4 4 4 4 4 4 4 4 4 4 4 4 4 4 4 4,3 3 3 3 3 3 3 3,4 4 4 4 4 4>
14/*22/*22/*22/*22/*22/*22/*222/*222/*222/*222/1*/1*/1*/1x/0/24/4/2/2/2/2/
# <1.1:48 3:1 3 4 5 6 7 8 9 10 11 12 13 14 15 16 17 18 19 21 22 24 25 27 28 29 30 31 32 33 35 36 37 38 39 40 41 42 43 44 45 46 47 48,3 36 45 6 8 12 11 14 16 18 21 39 24 42 27 30 29 32 34 48 38 41 44 47,38 3 5 44 25 48 46 12 47 29 15 28 19 22 23 24 34 35 32 33 37 41 42 45,22 23 24 9 40 41 11 10 45 47 46 37 38 29 28 25 26 27 39 43 44 48 35 42:4 8 4 4 8 4 4 4 4 4 4 4 4 4 4 4 4 4 4,3 3 3 3 3 3 3 3,3 5 5 3 4 4>
14/*22/*22/*22/*22/*222/*422/*422/*44/1*/1*/1*/2*/2*2/22/1/21/4/2/2/2/2/
# <1.1:24 3:1 2 3 4 5 6 7 8 9 10 11 12 13 14 15 16 17 18 19 20 21 22 23 24,2 4 6 15 9 11 19 20 16 18 22 24,5 4 6 8 13 24 12 22 20 17 21 23,10 11 17 18 8 9 24 21 16 20 23 22:4 4 4 8 4 4 6 6 6 4 6 8,3 3 3 3,3 3 3 3>
14/*22/*22/*22/*222/*33/*33/*332/*432/*432/*44/1*/1*/1*/1*/1/24/2/2/2/
# <1.1:36 3:2 3 4 5 6 7 8 9 10 12 13 14 16 17 18 19 20 21 22 23 24 25 26 27 28 29 30 31 32 33 34 35 36,3 5 13 7 22 30 12 33 16 29 34 19 21 24 26 28 32 36,15 16 30 5 24 8 29 31 12 14 19 20 34 23 27 35 36 33,2 5 34 20 21 30 22 14 15 16 17 26 25 36 35 31 32 33:4 6 4 6 6 4 4 6 4 4 4 4 6 6 4,3 3 3 3 3 3,3 4 3 4 4>
14/*22/*22/*22/*322/*322/*322/*33/*33/1*/1*/1*/2*/2*3/22/1/21/3/2/2/2/
# <1.1:24 3:1 2 3 4 5 6 7 8 9 10 11 12 13 14 15 16 17 18 19 20 21 22 23 24,2 4 6 8 14 11 13 16 18 20 24 23,21 22 8 6 7 10 13 14 19 17 20 24,19 20 11 10 22 23 18 17 24 15 16 21:4 4 4 8 8 4 6 6 8 4 8 4,3 3 3 3,3 3 3 3>
14/*22/*22/*22/*33/*422/*422/*432/*432/*44/*44/1*/1*/1*/1*/1/24/3/2/2/2/
# <1.1:24 3:1 2 3 4 5 6 7 8 9 10 11 12 13 14 15 16 17 18 19 20 21 22 23 24,2 24 5 7 15 10 12 14 17 19 21 23,19 15 10 7 20 21 18 16 14 23 22 24,11 12 19 17 16 15 8 13 14 24 22 23:4 6 4 6 6 6 4 6 4 6 6 6,3 3 3 3,3 3 3 3>
14/*22/*22/*33/*33/*33/*33/*332/*332/*332/*332/1*/1*/1*/1*/1/24/1/2/
# <1.1:96 3:2 3 4 6 7 9 11 13 14 16 17 18 20 21 22 23 24 26 27 28 30 32 33 34 36 37 39 41 43 45 46 47 48 49 50 51 52 54 55 56 57 59 61 63 64 65 67 69 71 73 75 77 79 81 83 85 87 89 90 92 94 96,7 3 6 50 13 10 12 16 51 18 21 52 23 26 27 29 37 65 33 36 64 43 40 42 49 46 48 55 90 57 63 60 62 71 68 70 77 74 76 83 80 82 89 86 88 96 93 95,8 9 4 11 10 14 15 16 52 21 20 27 24 26 33 42 43 40 41 37 39 38 45 48 49 51 54 57 90 59 61 63 65 72 73 84 85 79 78 89 88 82 83 86 87 92 94 96,19 20 52 46 44 45 21 73 72 77 76 75 74 34 35 36 48 47 57 56 37 29 30 28 54 53 55 89 88 87 86 85 84 50 64 71 70 69 68 67 66 90 94 93 92 91 96 95:4 4 3 4 4 4 4 4 4 4 4 3 4 4 4 4 3 3 3 3 3 3,3 3 3 3 3 3 3 3 3 3 3 3 3 3 3 3,6 3 6 8 3 3 3 6 6 4>
14/*22/*22/1*/2*2/2*2/2*2/2*2/22/22/22/22/22/222/222/1/16/4/2/2/2/2/
# <1.1:84 3:1 2 3 5 6 8 10 12 14 16 18 20 22 24 26 28 30 32 34 36 38 40 42 44 45 47 48 50 51 52 54 55 56 57 58 59 60 62 64 66 67 69 70 72 74 76 78 79 80 82 83 84,2 5 59 8 60 14 11 13 20 17 19 26 23 25 32 29 31 38 35 37 44 41 43 46 51 49 55 53 56 58 66 63 65 68 84 71 79 78 75 77 81 83,6 3 7 8 15 16 27 28 22 21 32 31 25 26 29 30 34 36 38 53 54 50 49 46 47 48 52 56 59 60 82 81 72 71 68 69 70 74 76 78 80 84,58 57 56 53 54 70 72 71 37 38 33 34 35 36 76 75 74 73 78 77 66 65 64 63 62 61 42 41 40 39 44 43 51 47 55 50 59 79 84 69 83 82:4 4 4 3 3 3 3 3 3 4 4 4 4 3 4 4 3 4,3 3 3 3 3 3 3 3 3 3 3 3 3 3,5 5 4 4 4 5 5 5 5>
14/*22/1*/1*/2*/2*/2*/2*/22/22/22/22/22/222/222/1/12/5/2/2/2/2/2/
# <1.1:72 3:2 3 4 6 8 10 12 14 15 17 18 20 22 24 26 27 28 29 30 32 34 36 38 39 41 42 44 45 47 49 51 53 55 56 58 59 60 61 62 63 64 65 66 68 69 70 71 72,63 3 5 29 12 9 11 28 15 61 18 24 21 23 27 62 31 64 38 35 37 40 65 43 70 46 72 53 50 52 60 56 71 59 67 69,7 8 4 9 10 31 32 24 23 18 21 22 25 26 28 30 67 68 44 43 40 41 42 56 52 53 57 58 54 55 60 62 64 66 70 72,67 68 69 29 6 19 20 21 22 23 24 14 28 17 61 46 47 45 64 32 52 53 48 49 50 51 65 41 70 44 55 60 58 71 72 66:4 4 3 4 4 3 4 4 3 4 4 4 3 4 4 4,3 3 3 3 3 3 3 3 3 3 3 3,4 4 6 4 4 6 4 4>
14/1*/1*/2*/2*/2*/2*/2*/2*/2*/2*/22/22/22/22/1/8/5/2/2/2/2/2/
# <1.1:72 3:1 2 3 5 6 8 10 11 12 13 14 15 16 17 19 20 22 23 24 26 27 28 29 30 31 32 33 34 35 36 38 40 42 44 45 46 47 49 50 52 53 54 55 56 57 58 59 60 61 62 63 64 65 66 68 70 72,2 4 60 8 17 14 11 13 16 45 20 55 23 25 27 29 31 33 35 37 56 44 41 43 47 54 50 57 53 59 62 64 66 72 69 71,6 60 16 7 8 10 13 14 17 42 41 23 39 40 29 26 28 35 33 34 45 43 44 53 50 51 52 59 56 58 64 65 66 68 70 72,30 31 23 22 21 27 25 26 48 49 50 64 63 54 47 46 24 51 52 53 35 34 66 65 56 38 71 72 67 68 69 70 57 60 62 61:4 4 4 4 4 4 4 4 4 4 4 4 4 4 3 4 4 4 4 4 4 4 3,3 3 3 3 3 3 3 3 3 3 3 3,3 6 3 6 6 6 3 3>
15/*22/*22/*22/*22/*222/*222/1*/1*/2*/2*2/2*2/22/22/22/222/1/20/4/2/2/2/2/
# <1.1:60 3:1 2 3 5 6 8 10 12 14 16 17 19 20 21 23 24 26 27 28 29 30 31 32 33 34 35 36 37 38 39 41 42 43 44 45 46 47 48 50 52 54 55 56 57 58 59 60,2 4 27 7 30 14 11 13 42 17 20 38 22 37 25 48 29 32 34 36 41 43 45 47 54 51 53 56 58 60,3 30 8 7 29 15 16 18 19 41 40 20 59 25 26 60 28 33 36 35 57 39 43 55 47 56 58 50 52 54,33 34 43 40 41 30 8 52 51 50 49 54 53 16 42 22 23 21 48 26 39 55 56 59 60 46 47 38 57 58:4 4 4 3 4 4 4 4 4 4 4 4 4 4 4 3 4 4 4,3 3 3 3 3 3 3 3 3 3,5 4 5 3 5 4 4>
15/*22/*22/*22/*222/*222/1*/1*/1*/2*/2*/2*/22/22/22/222/1/18/5/2/2/2/2/2/
# <1.1:192 3:2 4 6 8 10 12 14 16 18 20 22 24 26 28 30 32 34 36 38 40 42 44 46 48 50 52 54 56 58 60 62 64 66 68 70 72 74 76 78 80 82 84 86 88 90 92 94 96 98 100 102 104 106 108 110 112 114 116 118 120 122 124 126 128 130 132 134 136 138 140 142 144 146 148 150 152 154 156 158 160 162 164 166 168 170 172 174 176 178 180 182 184 186 188 190 192,6 3 5 12 9 11 18 15 17 24 21 23 30 27 29 36 33 35 42 39 41 48 45 47 54 51 53 60 57 59 66 63 65 72 69 71 78 75 77 84 81 83 90 87 89 96 93 95 102 99 101 108 105 107 114 111 113 120 117 119 126 123 125 132 129 131 138 135 137 144 141 143 150 147 149 156 153 155 162 159 161 168 165 167 174 171 173 180 177 179 186 183 185 192 189 191,7 8 19 20 14 13 24 23 17 18 21 22 26 28 30 37 38 41 42 36 40 49 50 61 62 56 55 66 65 59 60 63 64 68 70 72 79 80 91 92 86 85 96 95 89 90 93 94 103 104 107 108 102 106 115 116 127 128 122 121 132 131 125 126 129 130 134 136 138 145 146 157 158 152 151 162 161 155 156 159 160 164 166 168 170 172 174 181 182 178 183 184 186 188 190 192,178 177 176 175 180 179 189 190 191 192 187 188 113 114 109 110 111 112 28 27 26 25 30 29 128 127 132 131 130 129 43 44 45 46 47 48 145 146 147 148 149 150 118 117 116 115 120 119 137 138 133 134 135 136 159 160 161 162 157 158 167 168 163 164 165 166 103 104 105 106 107 108 124 123 122 121 126 125 181 182 183 184 185 186 153 154 155 156 151 152 170 169 174 173 172 171:3 3 3 3 3 3 3 3 3 3 3 3 3 3 3 3 3 3 3 3 3 3 3 3 3 3 3 3 3 3 3 3,3 3 3 3 3 3 3 3 3 3 3 3 3 3 3 3 3 3 3 3 3 3 3 3 3 3 3 3 3 3 3 3,4 8 4 4 4 12 8 3 3 6 4 6 5 5 8 4 4 4>
15/22/22/22/22/22/22/22/22/22/222/222/222/222/222/222/2/18/4/2/2/2/2/
# <1.1:128 3:2 4 6 8 10 12 14 16 18 20 22 24 26 28 30 32 34 36 38 40 42 44 46 48 50 52 54 56 58 60 62 64 66 68 70 72 74 76 78 80 82 84 86 88 90 92 94 96 98 100 102 104 106 108 110 112 114 116 118 120 122 124 126 128,6 3 5 12 9 11 18 15 17 24 21 23 30 27 29 36 33 35 42 39 41 48 45 47 54 51 53 60 57 59 66 63 65 72 69 71 78 75 77 84 81 83 90 87 89 96 93 95 102 99 101 108 105 107 110 112 114 120 117 119 126 123 125 128,7 8 19 20 14 13 24 23 17 18 21 22 31 32 43 44 38 37 48 47 41 42 45 46 50 52 54 61 62 65 66 60 64 68 70 113 114 79 80 91 92 86 85 96 95 89 90 93 94 98 100 102 104 106 109 110 119 120 116 127 128 122 124 126,49 50 51 52 53 54 68 67 72 71 70 69 62 61 66 65 64 63 31 32 33 34 35 36 106 105 104 103 108 107 119 120 115 116 117 118 85 86 87 88 89 90 81 82 83 84 79 80 124 123 122 121 126 125 97 98 99 100 101 102 111 112 127 128:3 3 3 3 3 3 3 3 3 3 3 3 3 3 3 3 3 3 3 3 3 3 3 3,3 3 3 3 3 3 3 3 3 3 3 4 3 3 3 3 3 4 5 3,4 6 8 4 4 4 4 4 6 3 3 6 4 4>
15/22/22/22/22/22/22/22/222/222/222/322/322/33/33/332/2/18/2/2/2/
# <1.1:92 3:2 4 6 8 10 12 14 16 18 20 22 24 26 28 30 32 34 36 38 40 42 44 46 48 50 52 54 56 58 60 62 64 66 68 70 72 74 76 78 80 82 84 86 88 90 92,2 8 5 7 14 11 13 20 17 19 26 23 25 32 29 31 38 35 37 44 41 43 50 47 49 56 53 55 62 59 61 64 70 67 69 72 78 75 77 80 86 83 85 92 89 91,3 4 6 8 15 16 27 28 22 21 32 31 25 26 29 30 39 40 51 52 46 45 56 55 49 50 53 54 58 64 63 62 66 68 71 72 79 80 76 78 82 84 86 88 90 92,79 80 15 16 17 18 19 20 56 55 54 53 52 51 91 92 87 88 89 90 70 69 68 67 66 65 85 86 81 82 83 84 77 78 73 74 75 76 62 61 60 59 58 57 71 72:3 3 3 3 3 3 3 3 3 3 3 6 3 6 3 3 3 3,4 3 3 3 3 3 3 3 3 4 4 4 3 3,4 4 4 4 4 4 6 4 4 4 4>
15/22/22/22/22/22/22/22/222/222/322/322/33/622/622/66/2/18/3/2/2/2/
# <1.1:92 3:2 4 6 8 10 12 14 16 18 20 22 24 26 28 30 32 34 36 38 40 42 44 46 48 50 52 54 56 58 60 62 64 66 68 70 72 74 76 78 80 82 84 86 88 90 92,6 3 5 8 10 16 13 15 22 19 21 28 25 27 34 31 33 40 37 39 46 43 45 52 49 51 54 60 57 59 62 68 65 67 74 71 73 80 77 79 86 83 85 92 89 91,2 7 8 6 13 14 12 16 18 20 22 29 30 41 42 36 35 46 45 39 40 43 44 48 50 53 54 56 58 60 63 64 66 68 75 76 87 88 82 81 92 91 85 86 89 90,79 80 75 76 77 78 9 10 41 42 43 44 45 46 25 26 27 28 23 24 50 49 48 47 52 51 73 74 69 70 71 72 62 61 82 81 86 85 84 83 87 88 89 90 91 92:3 4 4 3 3 3 3 3 3 3 4 3 4 3 3 3 3 3,4 4 3 3 3 3 3 4 3 4 3 3 3 3,4 4 4 4 4 4 6 4 4 4 4>
15/22/22/22/22/22/22/22/222/222/422/422/422/422/44/44/2/18/4/2/2/2/2/
# <1.1:96 3:2 4 6 8 10 12 14 16 18 20 22 24 26 28 30 32 34 36 38 40 42 44 46 48 50 52 54 56 58 60 62 64 66 68 70 72 74 76 78 80 82 84 86 88 90 92 94 96,6 3 5 8 14 11 13 20 17 19 22 24 30 27 29 36 33 35 42 39 41 48 45 47 54 51 53 56 62 59 61 68 65 67 74 71 73 80 77 79 86 83 85 92 89 91 94 96,2 7 8 6 10 96 95 14 16 18 22 21 29 30 26 28 37 38 49 50 44 43 54 53 47 48 51 52 57 58 60 62 69 70 81 82 76 75 86 85 79 80 83 84 88 90 93 94,46 45 44 43 48 47 21 22 63 64 65 66 67 68 70 69 74 73 72 71 93 94 39 40 41 42 37 38 84 83 82 81 86 85 57 58 59 60 61 62 95 96 88 87 92 91 90 89:3 3 3 3 3 3 3 3 3 3 3 3 3 3 3 3 3 3 3 3,4 4 4 4 3 3 3 3 4 3 3 3 3 4,4 4 4 4 4 4 4 4 4 4 4 4>
15/22/22/22/22/22/22/322/322/322/322/322/322/33/33/33/2/18/2/2/2/
# <1.1:48 3:2 3 4 6 7 8 9 10 11 12 14 15 16 17 18 19 20 21 22 23 24 25 26 27 28 29 30 31 32 33 35 36 37 38 39 40 41 42 43 44 45 46 47 48,7 3 5 20 9 11 13 15 17 19 22 24 26 28 30 32 34 40 37 39 42 44 46 48,5 6 22 8 9 15 12 14 19 38 39 21 25 47 48 30 31 32 36 35 40 46 44 45,34 35 40 15 14 13 33 27 28 43 44 20 36 37 32 31 47 48 41 42 39 38 46 45:4 4 4 4 4 4 4 4 4 4 4 4 4 4 4 4 4 4 4 4,3 3 3 3 3 3 3 3,4 4 4 4 4 4>
17/*22/*22/*22/*22/*22/*22/*22/*222/*222/*222/*222/1*/1*/1*/2*2/2*2/22/1/28/4/2/2/2/2/
# <1.1:48 3:1 2 4 5 6 7 9 10 12 13 14 15 16 17 18 19 20 21 22 23 24 25 26 27 28 29 30 31 32 33 35 36 37 38 39 40 41 42 43 44 45 46 47 48,2 15 5 7 10 32 14 13 17 19 21 23 25 27 29 31 34 42 37 39 41 44 46 48,13 5 11 12 33 10 34 35 17 16 23 21 22 28 27 29 40 38 37 42 41 48 46 47,18 19 8 9 32 27 26 15 12 14 43 44 40 41 45 46 30 31 47 48 42 35 38 39:4 4 4 4 4 4 4 4 4 4 4 4 4 4 4 4 4 4 4 4,3 3 3 3 3 3 3 3,4 4 4 4 4 4>
17/*22/*22/*22/*22/*22/*22/*222/*222/*222/*222/1*/1*/1*/1*/2*/2*/22/1/26/5/2/2/2/2/2/
# <1.1:96 3:2 3 4 6 8 9 10 12 14 16 18 20 21 22 24 26 28 30 32 34 36 37 39 40 41 43 45 47 48 50 52 54 56 58 59 60 62 64 66 67 68 69 71 73 74 75 76 77 78 79 80 82 84 86 88 89 90 92 94 96,41 3 6 76 60 9 12 78 18 15 17 67 21 24 40 30 27 29 36 33 35 38 68 47 44 46 49 75 56 53 55 77 59 66 63 65 70 79 74 90 81 89 88 85 87 96 93 95,43 42 4 46 47 15 16 10 18 17 57 58 31 32 22 34 33 26 28 30 38 39 40 48 49 50 52 54 56 60 62 64 66 68 74 84 83 85 86 76 78 80 88 87 90 92 94 96,71 70 69 10 11 12 19 20 21 94 93 92 91 96 95 74 73 72 44 45 46 47 42 43 64 63 62 61 66 65 68 39 90 79 75 50 86 85 84 83 88 87 58 77 67 78 89 82:4 4 4 4 3 4 4 3 3 4 3 4 3 4 3 4 4 4 3 3,3 3 3 3 3 3 3 3 3 3 3 3 3 3 3 3,6 4 6 6 3 6 3 3 8 3>
17/1*/2*/2*/2*/2*/22/22/22/22/22/22/22/22/222/222/222/222/1/16/5/2/2/2/2/2/
# <1.1:36 3:1 2 3 4 5 6 7 8 9 10 11 12 13 14 15 16 17 18 19 20 21 22 23 24 25 26 27 28 29 30 31 32 33 34 35 36,4 3 6 8 10 12 14 16 24 21 20 23 26 30 29 32 34 36,3 5 6 10 17 24 16 14 15 19 23 22 27 29 30 36 33 35,18 10 9 21 11 12 16 15 32 31 27 28 29 36 35 30 33 34:6 4 4 4 4 4 4 4 12 6 4 4 4 12 4 4 4 4,3 3 3 3 3 3,4 3 4 4 3>
20/*22/*22/*22/*22/*22/*22/*22/*222/*222/*322/*322/*33/*622/*622/*66/1*/1*/1*/1*/1*/1/36/4/2/2/2/2/
# <1.1:36 3:1 2 3 4 5 6 7 8 9 10 11 12 13 14 15 16 17 18 19 20 21 22 23 24 25 26 27 28 29 30 31 32 33 34 35 36,2 4 6 8 10 12 14 16 30 19 21 23 25 27 29 32 34 36,35 5 28 27 36 13 11 33 32 14 19 17 30 24 22 25 29 34,15 16 31 32 29 28 17 30 11 12 26 27 20 21 35 36 33 34:4 4 8 8 4 4 4 4 8 4 4 4 4 4 8 4 4 4,3 3 3 3 3 3,3 4 4 3 4>
20/*22/*22/*22/*22/*22/*22/*22/*222/*222/*422/*422/*422/*422/*44/*44/1*/1*/1*/1*/1*/1/36/5/2/2/2/2/2/
# <1.1:36 3:1 2 3 4 5 6 7 8 9 10 11 12 13 14 15 16 17 18 19 20 21 22 23 24 25 26 27 28 29 30 31 32 33 34 35 36,2 4 24 7 11 10 13 15 17 19 21 23 26 28 30 32 34 36,35 3 36 7 25 9 12 13 28 17 27 20 23 22 26 33 31 34,33 34 13 12 21 16 17 15 22 23 14 35 36 24 30 29 31 32:6 4 6 4 6 4 4 6 4 4 6 4 4 4 4 4 6 4,3 3 3 3 3 3,4 4 3 4 3>
20/*22/*22/*22/*22/*22/*22/*322/*322/*322/*322/*322/*322/*33/*33/*33/1*/1*/1*/1*/1*/1/36/3/2/2/2/
# <1.1:144 3:2 4 6 8 10 12 14 16 18 20 22 24 26 28 30 32 34 36 38 40 42 44 46 48 50 52 54 56 58 60 62 64 66 68 70 72 74 76 78 80 82 84 86 88 90 92 94 96 98 100 102 104 106 108 110 112 114 116 118 120 122 124 126 128 130 132 134 136 138 140 142 144,6 3 5 12 9 11 18 15 17 24 21 23 30 27 29 36 33 35 42 39 41 48 45 47 54 51 53 60 57 59 66 63 65 72 69 71 78 75 77 84 81 83 90 87 89 96 93 95 102 99 101 108 105 107 114 111 113 120 117 119 126 123 125 132 129 131 138 135 137 144 141 143,7 8 19 20 14 13 24 23 17 18 21 22 31 32 43 44 38 37 48 47 41 42 45 46 50 52 54 56 58 60 67 68 79 80 74 73 84 83 77 78 81 82 86 88 90 97 98 109 110 104 103 114 113 107 108 111 112 116 118 120 122 124 126 128 130 132 134 136 138 140 142 144,55 56 57 58 59 60 109 110 111 112 113 114 115 116 117 118 119 120 43 44 45 46 47 48 89 90 85 86 87 88 81 82 83 84 79 80 122 121 126 125 124 123 97 98 99 100 101 102 144 143 142 141 140 139 108 107 106 105 104 103 130 129 128 127 132 131 137 138 133 134 135 136:3 3 3 3 3 3 3 3 3 3 3 3 3 3 3 3 3 3 3 3 3 3 3 3,3 3 3 3 3 3 3 3 3 3 3 3 3 3 3 3 3 3 3 3 3 3 3 3,6 6 4 4 4 6 6 6 4 6 4 6 4 6>
20/22/22/22/22/22/22/22/22/22/22/22/22/222/222/222/222/222/222/222/222/2/24/5/2/2/2/2/2/
# <1.1:48 3:1 2 3 4 5 6 7 8 9 10 11 12 13 14 15 16 17 18 19 20 21 22 23 24 25 26 27 28 29 30 31 32 33 34 35 36 37 38 39 40 41 42 43 44 45 46 47 48,2 4 6 8 10 12 14 16 18 20 22 24 26 28 30 32 34 36 38 40 42 44 46 48,5 4 6 12 10 11 18 16 17 24 21 23 30 28 29 34 36 35 47 40 48 46 44 45,23 24 45 46 8 7 48 47 17 18 43 44 27 28 34 33 38 37 35 36 39 40 41 42:4 4 4 4 4 4 4 4 4 4 4 4 4 4 4 4 4 4 4 4 4 4 4 4,3 3 3 3 3 3 3 3,4 4 4 4 4 4>
26/*22/*22/*22/*22/*22/*22/*22/*22/*22/*22/*22/*22/*222/*222/*222/*222/*222/*222/*222/*222/1*/1*/1*/1*/1*/1*/1/48/6/2/2/2/2/2/2/
### Processed 219 symbols in 35 seconds.
### Found 7 duplicates.
